   1.00000000000000        1.00000000000000       -1.52541157366359     
   1.00000000000000        2.00000000000000       -1.49798383518315     
   1.00000000000000        3.00000000000000       -1.35057356207675     
   1.00000000000000        4.00000000000000       -1.13618880739929     
   1.00000000000000        5.00000000000000      -0.926703450647549     
   1.00000000000000        6.00000000000000      -0.748693475727688     
   1.00000000000000        7.00000000000000      -0.605427572450570     
   1.00000000000000        8.00000000000000      -0.492056809590974     
   1.00000000000000        9.00000000000000      -0.399888081681734     
   1.00000000000000        10.0000000000000      -0.325372170174914     
   1.00000000000000        11.0000000000000      -0.268529726297406     
   1.00000000000000        12.0000000000000      -0.231322658929704     
   1.00000000000000        13.0000000000000      -0.210018217809063     
   1.00000000000000        14.0000000000000      -0.182884958689221     
   1.00000000000000        15.0000000000000      -0.164251584421548     
   1.00000000000000        16.0000000000000      -0.151385025875143     
   1.00000000000000        17.0000000000000      -0.141172421773054     
   1.00000000000000        18.0000000000000      -0.132027258697889     
   1.00000000000000        19.0000000000000      -0.123319851729929     
   1.00000000000000        20.0000000000000      -0.115308353669062     
   1.00000000000000        21.0000000000000      -0.107808309830229     
   1.00000000000000        22.0000000000000      -0.100703657736530     
   1.00000000000000        23.0000000000000      -9.437960107988563E-002
   1.00000000000000        24.0000000000000      -8.922629919866823E-002
   1.00000000000000        25.0000000000000      -8.301471854911391E-002
   2.00000000000000        1.00000000000000       -1.49775078925203     
   2.00000000000000        2.00000000000000       -1.47854929615752     
   2.00000000000000        3.00000000000000       -1.33072320108472     
   2.00000000000000        4.00000000000000       -1.11724424227963     
   2.00000000000000        5.00000000000000      -0.911667570385162     
   2.00000000000000        6.00000000000000      -0.737724823137361     
   2.00000000000000        7.00000000000000      -0.597764736411857     
   2.00000000000000        8.00000000000000      -0.486936740147161     
   2.00000000000000        9.00000000000000      -0.397198993130326     
   2.00000000000000        10.0000000000000      -0.324841115500084     
   2.00000000000000        11.0000000000000      -0.270202872274054     
   2.00000000000000        12.0000000000000      -0.234134720052407     
   2.00000000000000        13.0000000000000      -0.210905735103953     
   2.00000000000000        14.0000000000000      -0.186823773853400     
   2.00000000000000        15.0000000000000      -0.167088479350533     
   2.00000000000000        16.0000000000000      -0.152861063434084     
   2.00000000000000        17.0000000000000      -0.141774441527367     
   2.00000000000000        18.0000000000000      -0.132055166470824     
   2.00000000000000        19.0000000000000      -0.123091648165341     
   2.00000000000000        20.0000000000000      -0.114890642346064     
   2.00000000000000        21.0000000000000      -0.107222753396545     
   2.00000000000000        22.0000000000000      -9.993590805894555E-002
   2.00000000000000        23.0000000000000      -9.335853559716228E-002
   2.00000000000000        24.0000000000000      -8.819218198226575E-002
   2.00000000000000        25.0000000000000      -8.335049336563223E-002
   3.00000000000000        1.00000000000000       -1.35016711130087     
   3.00000000000000        2.00000000000000       -1.33047728420066     
   3.00000000000000        3.00000000000000       -1.22022735316660     
   3.00000000000000        4.00000000000000       -1.04315785148101     
   3.00000000000000        5.00000000000000      -0.861725133024097     
   3.00000000000000        6.00000000000000      -0.703950623768164     
   3.00000000000000        7.00000000000000      -0.574748878528618     
   3.00000000000000        8.00000000000000      -0.471510640233005     
   3.00000000000000        9.00000000000000      -0.388562900364879     
   3.00000000000000        10.0000000000000      -0.321820613932684     
   3.00000000000000        11.0000000000000      -0.271609834240708     
   3.00000000000000        12.0000000000000      -0.237035666447538     
   3.00000000000000        13.0000000000000      -0.212706602529219     
   3.00000000000000        14.0000000000000      -0.190811530678009     
   3.00000000000000        15.0000000000000      -0.171150470392807     
   3.00000000000000        16.0000000000000      -0.155314625310046     
   3.00000000000000        17.0000000000000      -0.142655736523976     
   3.00000000000000        18.0000000000000      -0.131819047212994     
   3.00000000000000        19.0000000000000      -0.122282365275147     
   3.00000000000000        20.0000000000000      -0.113642275632588     
   3.00000000000000        21.0000000000000      -0.105592670634346     
   3.00000000000000        22.0000000000000      -9.806873960299629E-002
   3.00000000000000        23.0000000000000      -9.146661189598483E-002
   3.00000000000000        24.0000000000000      -8.649816891037060E-002
   3.00000000000000        25.0000000000000      -8.172182297003948E-002
   4.00000000000000        1.00000000000000       -1.13581831236713     
   4.00000000000000        2.00000000000000       -1.11696077419947     
   4.00000000000000        3.00000000000000       -1.04303914085920     
   4.00000000000000        4.00000000000000      -0.918577017851987     
   4.00000000000000        5.00000000000000      -0.778916724221132     
   4.00000000000000        6.00000000000000      -0.648728506538525     
   4.00000000000000        7.00000000000000      -0.537512047691015     
   4.00000000000000        8.00000000000000      -0.446385870380331     
   4.00000000000000        9.00000000000000      -0.373046735714970     
   4.00000000000000        10.0000000000000      -0.314226718198485     
   4.00000000000000        11.0000000000000      -0.268726176745858     
   4.00000000000000        12.0000000000000      -0.235721968154155     
   4.00000000000000        13.0000000000000      -0.211217761697176     
   4.00000000000000        14.0000000000000      -0.190523688950194     
   4.00000000000000        15.0000000000000      -0.171962737377541     
   4.00000000000000        16.0000000000000      -0.155897960303185     
   4.00000000000000        17.0000000000000      -0.142335659741244     
   4.00000000000000        18.0000000000000      -0.130738981348472     
   4.00000000000000        19.0000000000000      -0.120669419611758     
   4.00000000000000        20.0000000000000      -0.111550782413145     
   4.00000000000000        21.0000000000000      -0.103128961993469     
   4.00000000000000        22.0000000000000      -9.542941422267510E-002
   4.00000000000000        23.0000000000000      -8.878388159321789E-002
   4.00000000000000        24.0000000000000      -8.336164852613448E-002
   4.00000000000000        25.0000000000000      -7.794777848785073E-002
   5.00000000000000        1.00000000000000      -0.926435375160702     
   5.00000000000000        2.00000000000000      -0.911442874344885     
   5.00000000000000        3.00000000000000      -0.861593109542303     
   5.00000000000000        4.00000000000000      -0.778868193336334     
   5.00000000000000        5.00000000000000      -0.679332682855102     
   5.00000000000000        6.00000000000000      -0.579753457270866     
   5.00000000000000        7.00000000000000      -0.490001400001281     
   5.00000000000000        8.00000000000000      -0.414084730039629     
   5.00000000000000        9.00000000000000      -0.351695759182489     
   5.00000000000000        10.0000000000000      -0.301139042103724     
   5.00000000000000        11.0000000000000      -0.261126917243831     
   5.00000000000000        12.0000000000000      -0.230348880537680     
   5.00000000000000        13.0000000000000      -0.206547577931319     
   5.00000000000000        14.0000000000000      -0.186785840774048     
   5.00000000000000        15.0000000000000      -0.169355145997633     
   5.00000000000000        16.0000000000000      -0.153928165396649     
   5.00000000000000        17.0000000000000      -0.140371735614747     
   5.00000000000000        18.0000000000000      -0.128484385932175     
   5.00000000000000        19.0000000000000      -0.118055448751379     
   5.00000000000000        20.0000000000000      -0.108618680458183     
   5.00000000000000        21.0000000000000      -9.993468805494833E-002
   5.00000000000000        22.0000000000000      -9.208090495277924E-002
   5.00000000000000        23.0000000000000      -8.523554468813739E-002
   5.00000000000000        24.0000000000000      -7.930945881438754E-002
   5.00000000000000        25.0000000000000      -7.353064093987904E-002
   6.00000000000000        1.00000000000000      -0.748520209168594     
   6.00000000000000        2.00000000000000      -0.737572491145991     
   6.00000000000000        3.00000000000000      -0.703846713729015     
   6.00000000000000        4.00000000000000      -0.648674462288716     
   6.00000000000000        5.00000000000000      -0.579734669798420     
   6.00000000000000        6.00000000000000      -0.506910725577554     
   6.00000000000000        7.00000000000000      -0.438322338613731     
   6.00000000000000        8.00000000000000      -0.378064036860013     
   6.00000000000000        9.00000000000000      -0.326719538301547     
   6.00000000000000        10.0000000000000      -0.284050111109763     
   6.00000000000000        11.0000000000000      -0.249447461388786     
   6.00000000000000        12.0000000000000      -0.221836140837707     
   6.00000000000000        13.0000000000000      -0.199611735778822     
   6.00000000000000        14.0000000000000      -0.180998991081449     
   6.00000000000000        15.0000000000000      -0.164691718448615     
   6.00000000000000        16.0000000000000      -0.150060603838611     
   6.00000000000000        17.0000000000000      -0.136877854151165     
   6.00000000000000        18.0000000000000      -0.125044309296551     
   6.00000000000000        19.0000000000000      -0.114456468398702     
   6.00000000000000        20.0000000000000      -0.104920143945911     
   6.00000000000000        21.0000000000000      -9.616422828671321E-002
   6.00000000000000        22.0000000000000      -8.824802124911962E-002
   6.00000000000000        23.0000000000000      -8.126604305179208E-002
   6.00000000000000        24.0000000000000      -7.508194231754108E-002
   6.00000000000000        25.0000000000000      -6.921674241379594E-002
   7.00000000000000        1.00000000000000      -0.605323497752197     
   7.00000000000000        2.00000000000000      -0.597670526214152     
   7.00000000000000        3.00000000000000      -0.574678374624408     
   7.00000000000000        4.00000000000000      -0.537468616034164     
   7.00000000000000        5.00000000000000      -0.489980016723450     
   7.00000000000000        6.00000000000000      -0.438315328965859     
   7.00000000000000        7.00000000000000      -0.387855923888192     
   7.00000000000000        8.00000000000000      -0.341406360152627     
   7.00000000000000        9.00000000000000      -0.300295516290049     
   7.00000000000000        10.0000000000000      -0.265042810353310     
   7.00000000000000        11.0000000000000      -0.235578354459593     
   7.00000000000000        12.0000000000000      -0.211285220192638     
   7.00000000000000        13.0000000000000      -0.191113680003952     
   7.00000000000000        14.0000000000000      -0.173879323916365     
   7.00000000000000        15.0000000000000      -0.158622380151060     
   7.00000000000000        16.0000000000000      -0.144783713628536     
   7.00000000000000        17.0000000000000      -0.132135347734255     
   7.00000000000000        18.0000000000000      -0.120608228591002     
   7.00000000000000        19.0000000000000      -0.110153716922913     
   7.00000000000000        20.0000000000000      -0.100682572786589     
   7.00000000000000        21.0000000000000      -9.206388545581622E-002
   7.00000000000000        22.0000000000000      -8.424193130609862E-002
   7.00000000000000        23.0000000000000      -7.726912233081121E-002
   7.00000000000000        24.0000000000000      -7.102866456209667E-002
   7.00000000000000        25.0000000000000      -6.521134770596707E-002
   8.00000000000000        1.00000000000000      -0.491998648587394     
   8.00000000000000        2.00000000000000      -0.486882616603971     
   8.00000000000000        3.00000000000000      -0.471467236190891     
   8.00000000000000        4.00000000000000      -0.446356504613966     
   8.00000000000000        5.00000000000000      -0.414068111012811     
   8.00000000000000        6.00000000000000      -0.378056319879228     
   8.00000000000000        7.00000000000000      -0.341403732087848     
   8.00000000000000        8.00000000000000      -0.306291060933159     
   8.00000000000000        9.00000000000000      -0.274074728262978     
   8.00000000000000        10.0000000000000      -0.245493785110178     
   8.00000000000000        11.0000000000000      -0.220773478469007     
   8.00000000000000        12.0000000000000      -0.199669825007228     
   8.00000000000000        13.0000000000000      -0.181577744101454     
   8.00000000000000        14.0000000000000      -0.165747870908246     
   8.00000000000000        15.0000000000000      -0.151529107615803     
   8.00000000000000        16.0000000000000      -0.138510401902723     
   8.00000000000000        17.0000000000000      -0.126511718201072     
   8.00000000000000        18.0000000000000      -0.115483406609527     
   8.00000000000000        19.0000000000000      -0.105405497824941     
   8.00000000000000        20.0000000000000      -9.623715381701034E-002
   8.00000000000000        21.0000000000000      -8.791208623783003E-002
   8.00000000000000        22.0000000000000      -8.035459511801654E-002
   8.00000000000000        23.0000000000000      -7.350274123809403E-002
   8.00000000000000        24.0000000000000      -6.729856109518324E-002
   8.00000000000000        25.0000000000000      -6.154805545638649E-002
   9.00000000000000        1.00000000000000      -0.399864940024809     
   9.00000000000000        2.00000000000000      -0.397175909931398     
   9.00000000000000        3.00000000000000      -0.388541145616856     
   9.00000000000000        4.00000000000000      -0.373029442977972     
   9.00000000000000        5.00000000000000      -0.351684146259221     
   9.00000000000000        6.00000000000000      -0.326712695197055     
   9.00000000000000        7.00000000000000      -0.300291915487236     
   9.00000000000000        8.00000000000000      -0.274073238864350     
   9.00000000000000        9.00000000000000      -0.249172599694427     
   9.00000000000000        10.0000000000000      -0.226283384642410     
   9.00000000000000        11.0000000000000      -0.205740500487617     
   9.00000000000000        12.0000000000000      -0.187544820094489     
   9.00000000000000        13.0000000000000      -0.171425767694537     
   9.00000000000000        14.0000000000000      -0.156974832377734     
   9.00000000000000        15.0000000000000      -0.143804474387986     
   9.00000000000000        16.0000000000000      -0.131653205633620     
   9.00000000000000        17.0000000000000      -0.120398735147768     
   9.00000000000000        18.0000000000000      -0.110006036804903     
   9.00000000000000        19.0000000000000      -0.100466317385520     
   9.00000000000000        20.0000000000000      -9.176131409457144E-002
   9.00000000000000        21.0000000000000      -8.384938873136892E-002
   9.00000000000000        22.0000000000000      -7.665428056277106E-002
   9.00000000000000        23.0000000000000      -7.005594677314550E-002
   9.00000000000000        24.0000000000000      -6.392474701525995E-002
   9.00000000000000        25.0000000000000      -5.820847391017820E-002
   10.0000000000000        1.00000000000000      -0.325367694375511     
   10.0000000000000        2.00000000000000      -0.324834517262957     
   10.0000000000000        3.00000000000000      -0.321810474189426     
   10.0000000000000        4.00000000000000      -0.314215354324786     
   10.0000000000000        5.00000000000000      -0.301129687326013     
   10.0000000000000        6.00000000000000      -0.284043614665107     
   10.0000000000000        7.00000000000000      -0.265038657491124     
   10.0000000000000        8.00000000000000      -0.245491420630137     
   10.0000000000000        9.00000000000000      -0.226282424208952     
   10.0000000000000        10.0000000000000      -0.207983123784618     
   10.0000000000000        11.0000000000000      -0.190940896956142     
   10.0000000000000        12.0000000000000      -0.175296073843028     
   10.0000000000000        13.0000000000000      -0.161004101457143     
   10.0000000000000        14.0000000000000      -0.147902219073956     
   10.0000000000000        15.0000000000000      -0.135803138079809     
   10.0000000000000        16.0000000000000      -0.124566780784962     
   10.0000000000000        17.0000000000000      -0.114121188337640     
   10.0000000000000        18.0000000000000      -0.104443081511081     
   10.0000000000000        19.0000000000000      -9.552854098019103E-002
   10.0000000000000        20.0000000000000      -8.737198035168162E-002
   10.0000000000000        21.0000000000000      -7.994688041260269E-002
   10.0000000000000        22.0000000000000      -7.316825307393002E-002
   10.0000000000000        23.0000000000000      -6.687637755068232E-002
   10.0000000000000        24.0000000000000      -6.089077003140706E-002
   10.0000000000000        25.0000000000000      -5.517788391580598E-002
   11.0000000000000        1.00000000000000      -0.268524221306143     
   11.0000000000000        2.00000000000000      -0.270194200957340     
   11.0000000000000        3.00000000000000      -0.271597630256923     
   11.0000000000000        4.00000000000000      -0.268714145226141     
   11.0000000000000        5.00000000000000      -0.261117474335165     
   11.0000000000000        6.00000000000000      -0.249441060070470     
   11.0000000000000        7.00000000000000      -0.235574300296344     
   11.0000000000000        8.00000000000000      -0.220771145530457     
   11.0000000000000        9.00000000000000      -0.205739450031315     
   11.0000000000000        10.0000000000000      -0.190940686784718     
   11.0000000000000        11.0000000000000      -0.176700565914002     
   11.0000000000000        12.0000000000000      -0.163224536163003     
   11.0000000000000        13.0000000000000      -0.150595844978697     
   11.0000000000000        14.0000000000000      -0.138801396111575     
   11.0000000000000        15.0000000000000      -0.127782772697979     
   11.0000000000000        16.0000000000000      -0.117483203816695     
   11.0000000000000        17.0000000000000      -0.107869291510460     
   11.0000000000000        18.0000000000000      -9.892991762985888E-002
   11.0000000000000        19.0000000000000      -9.066812347266322E-002
   11.0000000000000        20.0000000000000      -8.309373451789280E-002
   11.0000000000000        21.0000000000000      -7.621132139434997E-002
   11.0000000000000        22.0000000000000      -6.997587709842902E-002
   11.0000000000000        23.0000000000000      -6.414315577836611E-002
   11.0000000000000        24.0000000000000      -5.831080188090109E-002
   11.0000000000000        25.0000000000000      -5.246443379790947E-002
   12.0000000000000        1.00000000000000      -0.231299229215146     
   12.0000000000000        2.00000000000000      -0.234109731753970     
   12.0000000000000        3.00000000000000      -0.237015031348668     
   12.0000000000000        4.00000000000000      -0.235707802830304     
   12.0000000000000        5.00000000000000      -0.230340029195889     
   12.0000000000000        6.00000000000000      -0.221831261985077     
   12.0000000000000        7.00000000000000      -0.211282857900214     
   12.0000000000000        8.00000000000000      -0.199669032125221     
   12.0000000000000        9.00000000000000      -0.187544992616323     
   12.0000000000000        10.0000000000000      -0.175296739618198     
   12.0000000000000        11.0000000000000      -0.163225182778646     
   12.0000000000000        12.0000000000000      -0.151551852230310     
   12.0000000000000        13.0000000000000      -0.140408953126545     
   12.0000000000000        14.0000000000000      -0.129850369661291     
   12.0000000000000        15.0000000000000      -0.119883354815413     
   12.0000000000000        16.0000000000000      -0.110500659256547     
   12.0000000000000        17.0000000000000      -0.101697923767433     
   12.0000000000000        18.0000000000000      -9.347835795592639E-002
   12.0000000000000        19.0000000000000      -8.585480687255750E-002
   12.0000000000000        20.0000000000000      -7.885446993874669E-002
   12.0000000000000        21.0000000000000      -7.253237206828644E-002
   12.0000000000000        22.0000000000000      -6.686901869320956E-002
   12.0000000000000        23.0000000000000      -6.152795569645237E-002
   12.0000000000000        24.0000000000000      -5.589085185753739E-002
   12.0000000000000        25.0000000000000      -4.994367006606002E-002
   13.0000000000000        1.00000000000000      -0.209983334130680     
   13.0000000000000        2.00000000000000      -0.210873119312953     
   13.0000000000000        3.00000000000000      -0.212687920713805     
   13.0000000000000        4.00000000000000      -0.211208747567363     
   13.0000000000000        5.00000000000000      -0.206543904158946     
   13.0000000000000        6.00000000000000      -0.199611343991705     
   13.0000000000000        7.00000000000000      -0.191115239841877     
   13.0000000000000        8.00000000000000      -0.181580268684995     
   13.0000000000000        9.00000000000000      -0.171428615450268     
   13.0000000000000        10.0000000000000      -0.161006836243680     
   13.0000000000000        11.0000000000000      -0.150598091251015     
   13.0000000000000        12.0000000000000      -0.140410304059875     
   13.0000000000000        13.0000000000000      -0.130570629566305     
   13.0000000000000        14.0000000000000      -0.121142586059910     
   13.0000000000000        15.0000000000000      -0.112156180207109     
   13.0000000000000        16.0000000000000      -0.103631674507134     
   13.0000000000000        17.0000000000000      -9.558833154568097E-002
   13.0000000000000        18.0000000000000      -8.804427377736090E-002
   13.0000000000000        19.0000000000000      -8.101932785610270E-002
   13.0000000000000        20.0000000000000      -7.454575285862416E-002
   13.0000000000000        21.0000000000000      -6.869551589159557E-002
   13.0000000000000        22.0000000000000      -6.341525018355133E-002
   13.0000000000000        23.0000000000000      -5.833448174371011E-002
   13.0000000000000        24.0000000000000      -5.287366920185649E-002
   13.0000000000000        25.0000000000000      -4.770434379661549E-002
   14.0000000000000        1.00000000000000      -0.182883448137524     
   14.0000000000000        2.00000000000000      -0.186823728624238     
   14.0000000000000        3.00000000000000      -0.190814878136636     
   14.0000000000000        4.00000000000000      -0.190529263462870     
   14.0000000000000        5.00000000000000      -0.186792127970279     
   14.0000000000000        6.00000000000000      -0.181005883054183     
   14.0000000000000        7.00000000000000      -0.173886643073282     
   14.0000000000000        8.00000000000000      -0.165755042970788     
   14.0000000000000        9.00000000000000      -0.156981428353018     
   14.0000000000000        10.0000000000000      -0.147907959599122     
   14.0000000000000        11.0000000000000      -0.138806061097001     
   14.0000000000000        12.0000000000000      -0.129853730602312     
   14.0000000000000        13.0000000000000      -0.121144390333540     
   14.0000000000000        14.0000000000000      -0.112722264742989     
   14.0000000000000        15.0000000000000      -0.104619640796267     
   14.0000000000000        16.0000000000000      -9.687454085311378E-002
   14.0000000000000        17.0000000000000      -8.952651727119403E-002
   14.0000000000000        18.0000000000000      -8.260569040499065E-002
   14.0000000000000        19.0000000000000      -7.613078440128168E-002
   14.0000000000000        20.0000000000000      -7.011885566482495E-002
   14.0000000000000        21.0000000000000      -6.460222012278916E-002
   14.0000000000000        22.0000000000000      -5.948973073188638E-002
   14.0000000000000        23.0000000000000      -5.443020955933572E-002
   14.0000000000000        24.0000000000000      -4.914349451045079E-002
   14.0000000000000        25.0000000000000      -4.440966163977546E-002
   15.0000000000000        1.00000000000000      -0.164288779474543     
   15.0000000000000        2.00000000000000      -0.167122317909328     
   15.0000000000000        3.00000000000000      -0.171177886219580     
   15.0000000000000        4.00000000000000      -0.171984454666077     
   15.0000000000000        5.00000000000000      -0.169372405841975     
   15.0000000000000        6.00000000000000      -0.164706775989071     
   15.0000000000000        7.00000000000000      -0.158635919783866     
   15.0000000000000        8.00000000000000      -0.151541186794369     
   15.0000000000000        9.00000000000000      -0.143815086129008     
   15.0000000000000        10.0000000000000      -0.135812259508911     
   15.0000000000000        11.0000000000000      -0.127790322452967     
   15.0000000000000        12.0000000000000      -0.119889190582454     
   15.0000000000000        13.0000000000000      -0.112160146549946     
   15.0000000000000        14.0000000000000      -0.104621631320514     
   15.0000000000000        15.0000000000000      -9.730425010716308E-002
   15.0000000000000        16.0000000000000      -9.026076084549740E-002
   15.0000000000000        17.0000000000000      -8.354716773003006E-002
   15.0000000000000        18.0000000000000      -7.719963488749586E-002
   15.0000000000000        19.0000000000000      -7.122820024418151E-002
   15.0000000000000        20.0000000000000      -6.562660974990178E-002
   15.0000000000000        21.0000000000000      -6.037781338397244E-002
   15.0000000000000        22.0000000000000      -5.539904881813978E-002
   15.0000000000000        23.0000000000000      -5.047547155550276E-002
   15.0000000000000        24.0000000000000      -4.561319497418474E-002
   15.0000000000000        25.0000000000000      -4.132576286935679E-002
   16.0000000000000        1.00000000000000      -0.151437946243252     
   16.0000000000000        2.00000000000000      -0.152910587670215     
   16.0000000000000        3.00000000000000      -0.155356234973463     
   16.0000000000000        4.00000000000000      -0.155930802989840     
   16.0000000000000        5.00000000000000      -0.153954417780511     
   16.0000000000000        6.00000000000000      -0.150082442527677     
   16.0000000000000        7.00000000000000      -0.144802267532344     
   16.0000000000000        8.00000000000000      -0.138526410977190     
   16.0000000000000        9.00000000000000      -0.131667187433921     
   16.0000000000000        10.0000000000000      -0.124578995194137     
   16.0000000000000        11.0000000000000      -0.117493639015950     
   16.0000000000000        12.0000000000000      -0.110509125135207     
   16.0000000000000        13.0000000000000      -0.103637967002678     
   16.0000000000000        14.0000000000000      -9.687858488311618E-002
   16.0000000000000        15.0000000000000      -9.026266149812427E-002
   16.0000000000000        16.0000000000000      -8.385556534204268E-002
   16.0000000000000        17.0000000000000      -7.772351786192853E-002
   16.0000000000000        18.0000000000000      -7.190190365911067E-002
   16.0000000000000        19.0000000000000      -6.638904441318171E-002
   16.0000000000000        20.0000000000000      -6.116248367100168E-002
   16.0000000000000        21.0000000000000      -5.619270184989757E-002
   16.0000000000000        22.0000000000000      -5.142905375317403E-002
   16.0000000000000        23.0000000000000      -4.680094768586837E-002
   16.0000000000000        24.0000000000000      -4.239753096047715E-002
   16.0000000000000        25.0000000000000      -3.847467954501253E-002
   17.0000000000000        1.00000000000000      -0.141232542401113     
   17.0000000000000        2.00000000000000      -0.141831260530778     
   17.0000000000000        3.00000000000000      -0.142704443494558     
   17.0000000000000        4.00000000000000      -0.142375267465483     
   17.0000000000000        5.00000000000000      -0.140403426002723     
   17.0000000000000        6.00000000000000      -0.136903383624732     
   17.0000000000000        7.00000000000000      -0.132156414378898     
   17.0000000000000        8.00000000000000      -0.126529757374609     
   17.0000000000000        9.00000000000000      -0.120414765194765     
   17.0000000000000        10.0000000000000      -0.114135681538781     
   17.0000000000000        11.0000000000000      -0.107882187482942     
   17.0000000000000        12.0000000000000      -0.101708837004546     
   17.0000000000000        13.0000000000000      -9.559686505662410E-002
   17.0000000000000        14.0000000000000      -8.953251522761657E-002
   17.0000000000000        15.0000000000000      -8.355078877626086E-002
   17.0000000000000        16.0000000000000      -7.772513111999117E-002
   17.0000000000000        17.0000000000000      -7.212443975859742E-002
   17.0000000000000        18.0000000000000      -6.677785704296338E-002
   17.0000000000000        19.0000000000000      -6.167336909207023E-002
   17.0000000000000        20.0000000000000      -5.678383525813401E-002
   17.0000000000000        21.0000000000000      -5.209317138999509E-002
   17.0000000000000        22.0000000000000      -4.760147636286011E-002
   17.0000000000000        23.0000000000000      -4.332083766764012E-002
   17.0000000000000        24.0000000000000      -3.930442594207799E-002
   17.0000000000000        25.0000000000000      -3.565752363893188E-002
   18.0000000000000        1.00000000000000      -0.132094611837377     
   18.0000000000000        2.00000000000000      -0.132118187405202     
   18.0000000000000        3.00000000000000      -0.131871690653676     
   18.0000000000000        4.00000000000000      -0.130780365900603     
   18.0000000000000        5.00000000000000      -0.128516220504494     
   18.0000000000000        6.00000000000000      -0.125069173412075     
   18.0000000000000        7.00000000000000      -0.120628568693114     
   18.0000000000000        8.00000000000000      -0.115501183349372     
   18.0000000000000        9.00000000000000      -0.110022546335841     
   18.0000000000000        10.0000000000000      -0.104458814358520     
   18.0000000000000        11.0000000000000      -9.894460309339849E-002
   18.0000000000000        12.0000000000000      -9.349128026152857E-002
   18.0000000000000        13.0000000000000      -8.805473820127824E-002
   18.0000000000000        14.0000000000000      -8.261339128427553E-002
   18.0000000000000        15.0000000000000      -7.720474380095858E-002
   18.0000000000000        16.0000000000000      -7.190489158771481E-002
   18.0000000000000        17.0000000000000      -6.677921138994380E-002
   18.0000000000000        18.0000000000000      -6.184826790588405E-002
   18.0000000000000        19.0000000000000      -5.709318785774412E-002
   18.0000000000000        20.0000000000000      -5.249057513801052E-002
   18.0000000000000        21.0000000000000      -4.804692632000991E-002
   18.0000000000000        22.0000000000000      -4.380708417756898E-002
   18.0000000000000        23.0000000000000      -3.983193250759418E-002
   18.0000000000000        24.0000000000000      -3.615856544705377E-002
   18.0000000000000        25.0000000000000      -3.276649344363481E-002
   19.0000000000000        1.00000000000000      -0.123402468298227     
   19.0000000000000        2.00000000000000      -0.123165242613515     
   19.0000000000000        3.00000000000000      -0.122335866162019     
   19.0000000000000        4.00000000000000      -0.120703724753739     
   19.0000000000000        5.00000000000000      -0.118078793655639     
   19.0000000000000        6.00000000000000      -0.114474812122276     
   19.0000000000000        7.00000000000000      -0.110169688172060     
   19.0000000000000        8.00000000000000      -0.105420789960492     
   19.0000000000000        9.00000000000000      -0.100481918831294     
   19.0000000000000        10.0000000000000      -9.554460057219867E-002
   19.0000000000000        11.0000000000000      -9.068394756575468E-002
   19.0000000000000        12.0000000000000      -8.586922291478508E-002
   19.0000000000000        13.0000000000000      -8.103128803345505E-002
   19.0000000000000        14.0000000000000      -7.613983998788115E-002
   19.0000000000000        15.0000000000000      -7.123456068605043E-002
   19.0000000000000        16.0000000000000      -6.639328215132961E-002
   19.0000000000000        17.0000000000000      -6.167603915796576E-002
   19.0000000000000        18.0000000000000      -5.709456668219492E-002
   19.0000000000000        19.0000000000000      -5.262467619199281E-002
   19.0000000000000        20.0000000000000      -4.824701248200340E-002
   19.0000000000000        21.0000000000000      -4.399040705096262E-002
   19.0000000000000        22.0000000000000      -3.995769274536194E-002
   19.0000000000000        23.0000000000000      -3.625511911138307E-002
   19.0000000000000        24.0000000000000      -3.288037512762997E-002
   19.0000000000000        25.0000000000000      -2.972605309799622E-002
   20.0000000000000        1.00000000000000      -0.115414617654806     
   20.0000000000000        2.00000000000000      -0.114979149121156     
   20.0000000000000        3.00000000000000      -0.113692991167633     
   20.0000000000000        4.00000000000000      -0.111569535640813     
   20.0000000000000        5.00000000000000      -0.108622775679154     
   20.0000000000000        6.00000000000000      -0.104923948928443     
   20.0000000000000        7.00000000000000      -0.100690302570732     
   20.0000000000000        8.00000000000000      -9.624814140024675E-002
   20.0000000000000        9.00000000000000      -9.177512806107499E-002
   20.0000000000000        10.0000000000000      -8.738790070582882E-002
   20.0000000000000        11.0000000000000      -8.311036932738229E-002
   20.0000000000000        12.0000000000000      -7.887000812871725E-002
   20.0000000000000        13.0000000000000      -7.455874065111465E-002
   20.0000000000000        14.0000000000000      -7.012883232416919E-002
   20.0000000000000        15.0000000000000      -6.563398778530764E-002
   20.0000000000000        16.0000000000000      -6.116797578989020E-002
   20.0000000000000        17.0000000000000      -5.678800845878901E-002
   20.0000000000000        18.0000000000000      -5.249364459303037E-002
   20.0000000000000        19.0000000000000      -4.824880108841842E-002
   20.0000000000000        20.0000000000000      -4.402520423492581E-002
   20.0000000000000        21.0000000000000      -3.988827190738979E-002
   20.0000000000000        22.0000000000000      -3.600215293474379E-002
   20.0000000000000        23.0000000000000      -3.251474147327963E-002
   20.0000000000000        24.0000000000000      -2.942139610835391E-002
   20.0000000000000        25.0000000000000      -2.649662446458692E-002
   21.0000000000000        1.00000000000000      -0.107945595371830     
   21.0000000000000        2.00000000000000      -0.107325615680171     
   21.0000000000000        3.00000000000000      -0.105630698956731     
   21.0000000000000        4.00000000000000      -0.103121953148578     
   21.0000000000000        5.00000000000000      -9.991326660223554E-002
   21.0000000000000        6.00000000000000      -9.614799355344701E-002
   21.0000000000000        7.00000000000000      -9.206003364548966E-002
   21.0000000000000        8.00000000000000      -8.791774889272669E-002
   21.0000000000000        9.00000000000000      -8.386128303400837E-002
   21.0000000000000        10.0000000000000      -7.996292061865702E-002
   21.0000000000000        11.0000000000000      -7.622911867800575E-002
   21.0000000000000        12.0000000000000      -7.254901648044289E-002
   21.0000000000000        13.0000000000000      -6.870890078341239E-002
   21.0000000000000        14.0000000000000      -6.461230902323713E-002
   21.0000000000000        15.0000000000000      -6.038583152565148E-002
   21.0000000000000        16.0000000000000      -5.619953718904881E-002
   21.0000000000000        17.0000000000000      -5.209921064476940E-002
   21.0000000000000        18.0000000000000      -4.805220812597565E-002
   21.0000000000000        19.0000000000000      -4.399462684277375E-002
   21.0000000000000        20.0000000000000      -3.989079008587228E-002
   21.0000000000000        21.0000000000000      -3.581347166908282E-002
   21.0000000000000        22.0000000000000      -3.194163366796465E-002
   21.0000000000000        23.0000000000000      -2.854537635200926E-002
   21.0000000000000        24.0000000000000      -2.571509548208957E-002
   21.0000000000000        25.0000000000000      -2.303671292459412E-002
   22.0000000000000        1.00000000000000      -0.100876041987244     
   22.0000000000000        2.00000000000000      -0.100042321507906     
   22.0000000000000        3.00000000000000      -9.807342964125405E-002
   22.0000000000000        4.00000000000000      -9.538643610124645E-002
   22.0000000000000        5.00000000000000      -9.203371220577039E-002
   22.0000000000000        6.00000000000000      -8.821471449093357E-002
   22.0000000000000        7.00000000000000      -8.422697887536924E-002
   22.0000000000000        8.00000000000000      -8.035528019073380E-002
   22.0000000000000        9.00000000000000      -7.666499452812928E-002
   22.0000000000000        10.0000000000000      -7.318564440354275E-002
   22.0000000000000        11.0000000000000      -6.999628406697762E-002
   22.0000000000000        12.0000000000000      -6.688760161585182E-002
   22.0000000000000        13.0000000000000      -6.342900855978821E-002
   22.0000000000000        14.0000000000000      -5.949948841840474E-002
   22.0000000000000        15.0000000000000      -5.540733024426291E-002
   22.0000000000000        16.0000000000000      -5.143738002287421E-002
   22.0000000000000        17.0000000000000      -4.760984067836196E-002
   22.0000000000000        18.0000000000000      -4.381518695276064E-002
   22.0000000000000        19.0000000000000      -3.996505083793477E-002
   22.0000000000000        20.0000000000000      -3.600802501337536E-002
   22.0000000000000        21.0000000000000      -3.194516667094058E-002
   22.0000000000000        22.0000000000000      -2.792513447857798E-002
   22.0000000000000        23.0000000000000      -2.436987193249747E-002
   22.0000000000000        24.0000000000000      -2.173822012083753E-002
   22.0000000000000        25.0000000000000      -1.938164150662787E-002
   23.0000000000000        1.00000000000000      -9.458327475929264E-002
   23.0000000000000        2.00000000000000      -9.344396934026021E-002
   23.0000000000000        3.00000000000000      -9.142300133071041E-002
   23.0000000000000        4.00000000000000      -8.870967800698518E-002
   23.0000000000000        5.00000000000000      -8.517384526524106E-002
   23.0000000000000        6.00000000000000      -8.122511543808657E-002
   23.0000000000000        7.00000000000000      -7.724891725334124E-002
   23.0000000000000        8.00000000000000      -7.350036748620306E-002
   23.0000000000000        9.00000000000000      -7.006682931827249E-002
   23.0000000000000        10.0000000000000      -6.689684413377288E-002
   23.0000000000000        11.0000000000000      -6.416822425063849E-002
   23.0000000000000        12.0000000000000      -6.155048743286930E-002
   23.0000000000000        13.0000000000000      -5.834991359211690E-002
   23.0000000000000        14.0000000000000      -5.444099409862277E-002
   23.0000000000000        15.0000000000000      -5.048541936278569E-002
   23.0000000000000        16.0000000000000      -4.681151101751557E-002
   23.0000000000000        17.0000000000000      -4.333197547326002E-002
   23.0000000000000        18.0000000000000      -3.984329313308578E-002
   23.0000000000000        19.0000000000000      -3.626603196521128E-002
   23.0000000000000        20.0000000000000      -3.252453976285062E-002
   23.0000000000000        21.0000000000000      -2.855330622316083E-002
   23.0000000000000        22.0000000000000      -2.437475476641821E-002
   23.0000000000000        23.0000000000000      -2.041171136583554E-002
   23.0000000000000        24.0000000000000      -1.770084421457247E-002
   23.0000000000000        25.0000000000000      -1.581271502231699E-002
   24.0000000000000        1.00000000000000      -8.943758026373247E-002
   24.0000000000000        2.00000000000000      -8.825117106923766E-002
   24.0000000000000        3.00000000000000      -8.644346594643465E-002
   24.0000000000000        4.00000000000000      -8.329038623030706E-002
   24.0000000000000        5.00000000000000      -7.925186884286563E-002
   24.0000000000000        6.00000000000000      -7.504328296815968E-002
   24.0000000000000        7.00000000000000      -7.100854700452014E-002
   24.0000000000000        8.00000000000000      -6.729561492735849E-002
   24.0000000000000        9.00000000000000      -6.393677978025951E-002
   24.0000000000000        10.0000000000000      -6.091482500489481E-002
   24.0000000000000        11.0000000000000      -5.834178130273837E-002
   24.0000000000000        12.0000000000000      -5.591955465285367E-002
   24.0000000000000        13.0000000000000      -5.289360369698458E-002
   24.0000000000000        14.0000000000000      -4.915902395201304E-002
   24.0000000000000        15.0000000000000      -4.562713262539053E-002
   24.0000000000000        16.0000000000000      -4.241131875254821E-002
   24.0000000000000        17.0000000000000      -3.931843513492753E-002
   24.0000000000000        18.0000000000000      -3.617288122769973E-002
   24.0000000000000        19.0000000000000      -3.289446742454206E-002
   24.0000000000000        20.0000000000000      -2.943474353741225E-002
   24.0000000000000        21.0000000000000      -2.572723042241815E-002
   24.0000000000000        22.0000000000000      -2.174843153317647E-002
   24.0000000000000        23.0000000000000      -1.770772649476913E-002
   24.0000000000000        24.0000000000000      -1.454727431812112E-002
   24.0000000000000        25.0000000000000      -1.292552748559082E-002
   25.0000000000000        1.00000000000000      -8.320587308882413E-002
   25.0000000000000        2.00000000000000      -8.343561691835627E-002
   25.0000000000000        3.00000000000000      -8.169722940771455E-002
   25.0000000000000        4.00000000000000      -7.789173933711141E-002
   25.0000000000000        5.00000000000000      -7.347958958514059E-002
   25.0000000000000        6.00000000000000      -6.918073730960825E-002
   25.0000000000000        7.00000000000000      -6.519221047151855E-002
   25.0000000000000        8.00000000000000      -6.154536329081776E-002
   25.0000000000000        9.00000000000000      -5.822118267254119E-002
   25.0000000000000        10.0000000000000      -5.520351786123869E-002
   25.0000000000000        11.0000000000000      -5.249810964635779E-002
   25.0000000000000        12.0000000000000      -4.997566795662068E-002
   25.0000000000000        13.0000000000000      -4.772868440119837E-002
   25.0000000000000        14.0000000000000      -4.443073402541162E-002
   25.0000000000000        15.0000000000000      -4.134304079697812E-002
   25.0000000000000        16.0000000000000      -3.849073789269369E-002
   25.0000000000000        17.0000000000000      -3.567333635547441E-002
   25.0000000000000        18.0000000000000      -3.278249701000956E-002
   25.0000000000000        19.0000000000000      -2.974181938534956E-002
   25.0000000000000        20.0000000000000      -2.651172202238956E-002
   25.0000000000000        21.0000000000000      -2.305084140886016E-002
   25.0000000000000        22.0000000000000      -1.939455827849923E-002
   25.0000000000000        23.0000000000000      -1.582395069760877E-002
   25.0000000000000        24.0000000000000      -1.293290084389355E-002
   25.0000000000000        25.0000000000000      -1.066517005960683E-002
