   1.00000000000000        1.00000000000000      -0.605323497752193     
   1.00000000000000        2.00000000000000      -0.579391055294543     
   1.00000000000000        3.00000000000000      -0.524698313637212     
   1.00000000000000        4.00000000000000      -0.458838117471467     
   1.00000000000000        5.00000000000000      -0.397358617382905     
   1.00000000000000        6.00000000000000      -0.345615029821407     
   1.00000000000000        7.00000000000000      -0.303312274071393     
   1.00000000000000        8.00000000000000      -0.268673727938381     
   1.00000000000000        9.00000000000000      -0.239626352183531     
   1.00000000000000        10.0000000000000      -0.215485756813948     
   1.00000000000000        11.0000000000000      -0.195529812850091     
   1.00000000000000        12.0000000000000      -0.178701841253201     
   1.00000000000000        13.0000000000000      -0.163919404087510     
   1.00000000000000        14.0000000000000      -0.149349341518125     
   1.00000000000000        15.0000000000000      -0.136125011645816     
   1.00000000000000        16.0000000000000      -0.123529017420756     
   1.00000000000000        17.0000000000000      -0.112294915951480     
   1.00000000000000        18.0000000000000      -0.102688963907580     
   1.00000000000000        19.0000000000000      -9.467378073733200E-002
   1.00000000000000        20.0000000000000      -8.809533411901199E-002
   1.00000000000000        21.0000000000000      -8.280129478755435E-002
   1.00000000000000        22.0000000000000      -7.853226702541574E-002
   1.00000000000000        23.0000000000000      -7.474443626896923E-002
   1.00000000000000        24.0000000000000      -7.037162502273903E-002
   1.00000000000000        25.0000000000000      -6.521115039750089E-002
   2.00000000000000        1.00000000000000      -0.674807931524288     
   2.00000000000000        2.00000000000000      -0.651401857378488     
   2.00000000000000        3.00000000000000      -0.581739841074303     
   2.00000000000000        4.00000000000000      -0.501285192739434     
   2.00000000000000        5.00000000000000      -0.430234067952217     
   2.00000000000000        6.00000000000000      -0.372090629317380     
   2.00000000000000        7.00000000000000      -0.325091749361567     
   2.00000000000000        8.00000000000000      -0.286556988310499     
   2.00000000000000        9.00000000000000      -0.254145244891502     
   2.00000000000000        10.0000000000000      -0.227064927529606     
   2.00000000000000        11.0000000000000      -0.203987952004912     
   2.00000000000000        12.0000000000000      -0.184233589571308     
   2.00000000000000        13.0000000000000      -0.168311284232788     
   2.00000000000000        14.0000000000000      -0.154389120077347     
   2.00000000000000        15.0000000000000      -0.140891902320303     
   2.00000000000000        16.0000000000000      -0.128031730717761     
   2.00000000000000        17.0000000000000      -0.116447771660545     
   2.00000000000000        18.0000000000000      -0.106518873757588     
   2.00000000000000        19.0000000000000      -9.816408873826166E-002
   2.00000000000000        20.0000000000000      -9.122339421947119E-002
   2.00000000000000        21.0000000000000      -8.556962903208976E-002
   2.00000000000000        22.0000000000000      -8.097551527272832E-002
   2.00000000000000        23.0000000000000      -7.698501166197787E-002
   2.00000000000000        24.0000000000000      -7.274714217147192E-002
   2.00000000000000        25.0000000000000      -6.755517286154054E-002
   3.00000000000000        1.00000000000000      -0.711627725571499     
   3.00000000000000        2.00000000000000      -0.689617135659698     
   3.00000000000000        3.00000000000000      -0.622627999182211     
   3.00000000000000        4.00000000000000      -0.538021590981587     
   3.00000000000000        5.00000000000000      -0.460350648710059     
   3.00000000000000        6.00000000000000      -0.396321811102178     
   3.00000000000000        7.00000000000000      -0.344444115409799     
   3.00000000000000        8.00000000000000      -0.301974866874341     
   3.00000000000000        9.00000000000000      -0.266723934634833     
   3.00000000000000        10.0000000000000      -0.237453320340585     
   3.00000000000000        11.0000000000000      -0.212290971110617     
   3.00000000000000        12.0000000000000      -0.190533122343846     
   3.00000000000000        13.0000000000000      -0.172551345995016     
   3.00000000000000        14.0000000000000      -0.157629051065477     
   3.00000000000000        15.0000000000000      -0.144020083479680     
   3.00000000000000        16.0000000000000      -0.131239999375782     
   3.00000000000000        17.0000000000000      -0.119638490699463     
   3.00000000000000        18.0000000000000      -0.109607540031177     
   3.00000000000000        19.0000000000000      -0.101011247803246     
   3.00000000000000        20.0000000000000      -9.373453673965711E-002
   3.00000000000000        21.0000000000000      -8.768584339634174E-002
   3.00000000000000        22.0000000000000      -8.265581245464580E-002
   3.00000000000000        23.0000000000000      -7.816870620460138E-002
   3.00000000000000        24.0000000000000      -7.351329418073611E-002
   3.00000000000000        25.0000000000000      -6.841488325797880E-002
   4.00000000000000        1.00000000000000      -0.703194789642546     
   4.00000000000000        2.00000000000000      -0.683821400213893     
   4.00000000000000        3.00000000000000      -0.628349268044296     
   4.00000000000000        4.00000000000000      -0.553334502514236     
   4.00000000000000        5.00000000000000      -0.478609149322510     
   4.00000000000000        6.00000000000000      -0.413125483609394     
   4.00000000000000        7.00000000000000      -0.358375421442657     
   4.00000000000000        8.00000000000000      -0.313041858381391     
   4.00000000000000        9.00000000000000      -0.276184491894293     
   4.00000000000000        10.0000000000000      -0.245582560677423     
   4.00000000000000        11.0000000000000      -0.219337551648730     
   4.00000000000000        12.0000000000000      -0.196565899996725     
   4.00000000000000        13.0000000000000      -0.177182138310161     
   4.00000000000000        14.0000000000000      -0.160800768031296     
   4.00000000000000        15.0000000000000      -0.146462808601209     
   4.00000000000000        16.0000000000000      -0.133525921145857     
   4.00000000000000        17.0000000000000      -0.121963143893375     
   4.00000000000000        18.0000000000000      -0.111818812045846     
   4.00000000000000        19.0000000000000      -0.103015233804383     
   4.00000000000000        20.0000000000000      -9.540250158985450E-002
   4.00000000000000        21.0000000000000      -8.891203273157368E-002
   4.00000000000000        22.0000000000000      -8.333413529793002E-002
   4.00000000000000        23.0000000000000      -7.827062497078273E-002
   4.00000000000000        24.0000000000000      -7.324513878089529E-002
   4.00000000000000        25.0000000000000      -6.804611284930172E-002
   5.00000000000000        1.00000000000000      -0.678015983314491     
   5.00000000000000        2.00000000000000      -0.661746172951123     
   5.00000000000000        3.00000000000000      -0.615861330875981     
   5.00000000000000        4.00000000000000      -0.552126950364461     
   5.00000000000000        5.00000000000000      -0.484020968378768     
   5.00000000000000        6.00000000000000      -0.420476142588371     
   5.00000000000000        7.00000000000000      -0.365048392817831     
   5.00000000000000        8.00000000000000      -0.319080644588886     
   5.00000000000000        9.00000000000000      -0.281811014859263     
   5.00000000000000        10.0000000000000      -0.250581415665935     
   5.00000000000000        11.0000000000000      -0.223796028910867     
   5.00000000000000        12.0000000000000      -0.200595354381136     
   5.00000000000000        13.0000000000000      -0.180531267355631     
   5.00000000000000        14.0000000000000      -0.163263109964423     
   5.00000000000000        15.0000000000000      -0.148282876497139     
   5.00000000000000        16.0000000000000      -0.135131167250251     
   5.00000000000000        17.0000000000000      -0.123495046264283     
   5.00000000000000        18.0000000000000      -0.113187055652694     
   5.00000000000000        19.0000000000000      -0.104147305178200     
   5.00000000000000        20.0000000000000      -9.624126456578982E-002
   5.00000000000000        21.0000000000000      -8.935538324989241E-002
   5.00000000000000        22.0000000000000      -8.331967835360217E-002
   5.00000000000000        23.0000000000000      -7.782836434454905E-002
   5.00000000000000        24.0000000000000      -7.254514773894960E-002
   5.00000000000000        25.0000000000000      -6.720534594960946E-002
   6.00000000000000        1.00000000000000      -0.649091114841382     
   6.00000000000000        2.00000000000000      -0.635155474919171     
   6.00000000000000        3.00000000000000      -0.596440207911398     
   6.00000000000000        4.00000000000000      -0.541004734300564     
   6.00000000000000        5.00000000000000      -0.479098365316465     
   6.00000000000000        6.00000000000000      -0.418441712464778     
   6.00000000000000        7.00000000000000      -0.364482617091044     
   6.00000000000000        8.00000000000000      -0.320114338252389     
   6.00000000000000        9.00000000000000      -0.283291995440210     
   6.00000000000000        10.0000000000000      -0.252122413191822     
   6.00000000000000        11.0000000000000      -0.225338283261938     
   6.00000000000000        12.0000000000000      -0.202117058275920     
   6.00000000000000        13.0000000000000      -0.181940457516003     
   6.00000000000000        14.0000000000000      -0.164433068384108     
   6.00000000000000        15.0000000000000      -0.149228245370041     
   6.00000000000000        16.0000000000000      -0.135941008069528     
   6.00000000000000        17.0000000000000      -0.124215841043769     
   6.00000000000000        18.0000000000000      -0.113789746317453     
   6.00000000000000        19.0000000000000      -0.104533667812238     
   6.00000000000000        20.0000000000000      -9.639803138848686E-002
   6.00000000000000        21.0000000000000      -8.923600570206894E-002
   6.00000000000000        22.0000000000000      -8.289013747209484E-002
   6.00000000000000        23.0000000000000      -7.712647981731346E-002
   6.00000000000000        24.0000000000000      -7.165443973306428E-002
   6.00000000000000        25.0000000000000      -6.621718250860402E-002
   7.00000000000000        1.00000000000000      -0.619139981574825     
   7.00000000000000        2.00000000000000      -0.606902466572442     
   7.00000000000000        3.00000000000000      -0.572110748972248     
   7.00000000000000        4.00000000000000      -0.522160206312087     
   7.00000000000000        5.00000000000000      -0.464608486523714     
   7.00000000000000        6.00000000000000      -0.407922764143457     
   7.00000000000000        7.00000000000000      -0.358548698338282     
   7.00000000000000        8.00000000000000      -0.316438351972662     
   7.00000000000000        9.00000000000000      -0.280629496339829     
   7.00000000000000        10.0000000000000      -0.250122340023296     
   7.00000000000000        11.0000000000000      -0.223949330872143     
   7.00000000000000        12.0000000000000      -0.201279440733926     
   7.00000000000000        13.0000000000000      -0.181499358573496     
   7.00000000000000        14.0000000000000      -0.164196893765348     
   7.00000000000000        15.0000000000000      -0.149063304521028     
   7.00000000000000        16.0000000000000      -0.135800116584636     
   7.00000000000000        17.0000000000000      -0.124096156529382     
   7.00000000000000        18.0000000000000      -0.113674828733398     
   7.00000000000000        19.0000000000000      -0.104354189725805     
   7.00000000000000        20.0000000000000      -9.605212346235377E-002
   7.00000000000000        21.0000000000000      -8.871248700048941E-002
   7.00000000000000        22.0000000000000      -8.218465685343400E-002
   7.00000000000000        23.0000000000000      -7.625647907549238E-002
   7.00000000000000        24.0000000000000      -7.067890283946947E-002
   7.00000000000000        25.0000000000000      -6.519581032229063E-002
   8.00000000000000        1.00000000000000      -0.588113700418759     
   8.00000000000000        2.00000000000000      -0.575418945548323     
   8.00000000000000        3.00000000000000      -0.541880730962428     
   8.00000000000000        4.00000000000000      -0.494082433448728     
   8.00000000000000        5.00000000000000      -0.442729564915912     
   8.00000000000000        6.00000000000000      -0.393357500121228     
   8.00000000000000        7.00000000000000      -0.348289513152447     
   8.00000000000000        8.00000000000000      -0.308484344753718     
   8.00000000000000        9.00000000000000      -0.274129630343409     
   8.00000000000000        10.0000000000000      -0.244834360431411     
   8.00000000000000        11.0000000000000      -0.219818122257303     
   8.00000000000000        12.0000000000000      -0.198195775825717     
   8.00000000000000        13.0000000000000      -0.179241948522430     
   8.00000000000000        14.0000000000000      -0.162498798667583     
   8.00000000000000        15.0000000000000      -0.147708142858491     
   8.00000000000000        16.0000000000000      -0.134668907041570     
   8.00000000000000        17.0000000000000      -0.123145251426975     
   8.00000000000000        18.0000000000000      -0.112877174377979     
   8.00000000000000        19.0000000000000      -0.103650461403989     
   8.00000000000000        20.0000000000000      -9.534176288027563E-002
   8.00000000000000        21.0000000000000      -8.789252450894375E-002
   8.00000000000000        22.0000000000000      -8.123628627632963E-002
   8.00000000000000        23.0000000000000      -7.523035100482198E-002
   8.00000000000000        24.0000000000000      -6.962021331181380E-002
   8.00000000000000        25.0000000000000      -6.416240007772739E-002
   9.00000000000000        1.00000000000000      -0.560112452788905     
   9.00000000000000        2.00000000000000      -0.546607940542147     
   9.00000000000000        3.00000000000000      -0.511552058324300     
   9.00000000000000        4.00000000000000      -0.467348739815350     
   9.00000000000000        5.00000000000000      -0.421118127311424     
   9.00000000000000        6.00000000000000      -0.376150961088675     
   9.00000000000000        7.00000000000000      -0.334328026617872     
   9.00000000000000        8.00000000000000      -0.296887946457500     
   9.00000000000000        9.00000000000000      -0.264436389741320     
   9.00000000000000        10.0000000000000      -0.236855261848659     
   9.00000000000000        11.0000000000000      -0.213431738953875     
   9.00000000000000        12.0000000000000      -0.193212727917095     
   9.00000000000000        13.0000000000000      -0.175383273995687     
   9.00000000000000        14.0000000000000      -0.159459489240945     
   9.00000000000000        15.0000000000000      -0.145238481637110     
   9.00000000000000        16.0000000000000      -0.132614740751652     
   9.00000000000000        17.0000000000000      -0.121429620808125     
   9.00000000000000        18.0000000000000      -0.111448549008119     
   9.00000000000000        19.0000000000000      -0.102438783647040     
   9.00000000000000        20.0000000000000      -9.424999669222305E-002
   9.00000000000000        21.0000000000000      -8.682338721955229E-002
   9.00000000000000        22.0000000000000      -8.012969455377059E-002
   9.00000000000000        23.0000000000000      -7.409090950022110E-002
   9.00000000000000        24.0000000000000      -6.852954231724540E-002
   9.00000000000000        25.0000000000000      -6.316075020507489E-002
   10.0000000000000        1.00000000000000      -0.544472459332181     
   10.0000000000000        2.00000000000000      -0.530432904552875     
   10.0000000000000        3.00000000000000      -0.493718242742870     
   10.0000000000000        4.00000000000000      -0.446081404022228     
   10.0000000000000        5.00000000000000      -0.399351212487928     
   10.0000000000000        6.00000000000000      -0.356518809136502     
   10.0000000000000        7.00000000000000      -0.317403444501285     
   10.0000000000000        8.00000000000000      -0.282565949277311     
   10.0000000000000        9.00000000000000      -0.252472534459383     
   10.0000000000000        10.0000000000000      -0.227008973335499     
   10.0000000000000        11.0000000000000      -0.205455978166437     
   10.0000000000000        12.0000000000000      -0.186823803408495     
   10.0000000000000        13.0000000000000      -0.170268028393355     
   10.0000000000000        14.0000000000000      -0.155318310417239     
   10.0000000000000        15.0000000000000      -0.141831470702068     
   10.0000000000000        16.0000000000000      -0.129779326096533     
   10.0000000000000        17.0000000000000      -0.119062022841322     
   10.0000000000000        18.0000000000000      -0.109466443275726     
   10.0000000000000        19.0000000000000      -0.100753015191810     
   10.0000000000000        20.0000000000000      -9.276390309433225E-002
   10.0000000000000        21.0000000000000      -8.545835296982311E-002
   10.0000000000000        22.0000000000000      -7.886143749995693E-002
   10.0000000000000        23.0000000000000      -7.294492975734031E-002
   10.0000000000000        24.0000000000000      -6.755153137006507E-002
   10.0000000000000        25.0000000000000      -6.237799675819533E-002
   11.0000000000000        1.00000000000000      -0.526764407918634     
   11.0000000000000        2.00000000000000      -0.511543703311372     
   11.0000000000000        3.00000000000000      -0.472678971726510     
   11.0000000000000        4.00000000000000      -0.424043128153764     
   11.0000000000000        5.00000000000000      -0.376292236095562     
   11.0000000000000        6.00000000000000      -0.334832330949387     
   11.0000000000000        7.00000000000000      -0.298449299358433     
   11.0000000000000        8.00000000000000      -0.266569454363810     
   11.0000000000000        9.00000000000000      -0.239210614376831     
   11.0000000000000        10.0000000000000      -0.216112198091730     
   11.0000000000000        11.0000000000000      -0.196534254038073     
   11.0000000000000        12.0000000000000      -0.179514936704425     
   11.0000000000000        13.0000000000000      -0.164257180382366     
   11.0000000000000        14.0000000000000      -0.150346797691474     
   11.0000000000000        15.0000000000000      -0.137697069843859     
   11.0000000000000        16.0000000000000      -0.126326721701720     
   11.0000000000000        17.0000000000000      -0.116165572100365     
   11.0000000000000        18.0000000000000      -0.107013411277721     
   11.0000000000000        19.0000000000000      -9.863659693068151E-002
   11.0000000000000        20.0000000000000      -9.089161752007772E-002
   11.0000000000000        21.0000000000000      -8.377452933472969E-002
   11.0000000000000        22.0000000000000      -7.734352337408755E-002
   11.0000000000000        23.0000000000000      -7.157442490201024E-002
   11.0000000000000        24.0000000000000      -6.641932674246660E-002
   11.0000000000000        25.0000000000000      -6.152412583263946E-002
   12.0000000000000        1.00000000000000      -0.498400569158344     
   12.0000000000000        2.00000000000000      -0.484407644110431     
   12.0000000000000        3.00000000000000      -0.445929212080111     
   12.0000000000000        4.00000000000000      -0.397470863177453     
   12.0000000000000        5.00000000000000      -0.351006783506048     
   12.0000000000000        6.00000000000000      -0.311515130912723     
   12.0000000000000        7.00000000000000      -0.278307438060653     
   12.0000000000000        8.00000000000000      -0.249754674793903     
   12.0000000000000        9.00000000000000      -0.225375938658043     
   12.0000000000000        10.0000000000000      -0.204738259099161     
   12.0000000000000        11.0000000000000      -0.187114053828386     
   12.0000000000000        12.0000000000000      -0.171641734832855     
   12.0000000000000        13.0000000000000      -0.157639793911503     
   12.0000000000000        14.0000000000000      -0.144780638435560     
   12.0000000000000        15.0000000000000      -0.133022209666261     
   12.0000000000000        16.0000000000000      -0.122396553632076     
   12.0000000000000        17.0000000000000      -0.112835718780111     
   12.0000000000000        18.0000000000000      -0.104147123768490     
   12.0000000000000        19.0000000000000      -9.611732539191532E-002
   12.0000000000000        20.0000000000000      -8.863599735914079E-002
   12.0000000000000        21.0000000000000      -8.174670582324244E-002
   12.0000000000000        22.0000000000000      -7.547867823881177E-002
   12.0000000000000        23.0000000000000      -6.983828320804340E-002
   12.0000000000000        24.0000000000000      -6.487947555949661E-002
   12.0000000000000        25.0000000000000      -6.021090774259849E-002
   13.0000000000000        1.00000000000000      -0.453040539249379     
   13.0000000000000        2.00000000000000      -0.445668909272248     
   13.0000000000000        3.00000000000000      -0.411232147331729     
   13.0000000000000        4.00000000000000      -0.365796153867084     
   13.0000000000000        5.00000000000000      -0.322745565841407     
   13.0000000000000        6.00000000000000      -0.286747995087394     
   13.0000000000000        7.00000000000000      -0.257433205878247     
   13.0000000000000        8.00000000000000      -0.232552198735922     
   13.0000000000000        9.00000000000000      -0.211297495288730     
   13.0000000000000        10.0000000000000      -0.193136188301147     
   13.0000000000000        11.0000000000000      -0.177408742228041     
   13.0000000000000        12.0000000000000      -0.163410465023609     
   13.0000000000000        13.0000000000000      -0.150617865503830     
   13.0000000000000        14.0000000000000      -0.138802761548566     
   13.0000000000000        15.0000000000000      -0.127952629610550     
   13.0000000000000        16.0000000000000      -0.118087840377964     
   13.0000000000000        17.0000000000000      -0.109127637293121     
   13.0000000000000        18.0000000000000      -0.100890557328341     
   13.0000000000000        19.0000000000000      -9.319796915972885E-002
   13.0000000000000        20.0000000000000      -8.598252034495066E-002
   13.0000000000000        21.0000000000000      -7.932359988991400E-002
   13.0000000000000        22.0000000000000      -7.322674170573726E-002
   13.0000000000000        23.0000000000000      -6.771019502244929E-002
   13.0000000000000        24.0000000000000      -6.288961588873879E-002
   13.0000000000000        25.0000000000000      -5.839576745086761E-002
   14.0000000000000        1.00000000000000      -0.402339552324588     
   14.0000000000000        2.00000000000000      -0.393621135639426     
   14.0000000000000        3.00000000000000      -0.365015099446201     
   14.0000000000000        4.00000000000000      -0.327220250324134     
   14.0000000000000        5.00000000000000      -0.290853567107172     
   14.0000000000000        6.00000000000000      -0.260549144214365     
   14.0000000000000        7.00000000000000      -0.235976064106295     
   14.0000000000000        8.00000000000000      -0.215069990237571     
   14.0000000000000        9.00000000000000      -0.197036119110380     
   14.0000000000000        10.0000000000000      -0.181362803950009     
   14.0000000000000        11.0000000000000      -0.167509688488098     
   14.0000000000000        12.0000000000000      -0.154957178527220     
   14.0000000000000        13.0000000000000      -0.143353218224914     
   14.0000000000000        14.0000000000000      -0.132567831426477     
   14.0000000000000        15.0000000000000      -0.122607880756817     
   14.0000000000000        16.0000000000000      -0.113474097957932     
   14.0000000000000        17.0000000000000      -0.105075665057846     
   14.0000000000000        18.0000000000000      -9.725471944881060E-002
   14.0000000000000        19.0000000000000      -8.988002472908266E-002
   14.0000000000000        20.0000000000000      -8.292605372676166E-002
   14.0000000000000        21.0000000000000      -7.648379798377378E-002
   14.0000000000000        22.0000000000000      -7.057556682857372E-002
   14.0000000000000        23.0000000000000      -6.521068910885229E-002
   14.0000000000000        24.0000000000000      -6.047416839482615E-002
   14.0000000000000        25.0000000000000      -5.605125643715162E-002
   15.0000000000000        1.00000000000000      -0.335408348049091     
   15.0000000000000        2.00000000000000      -0.328553754412888     
   15.0000000000000        3.00000000000000      -0.309090306914209     
   15.0000000000000        4.00000000000000      -0.282894700924005     
   15.0000000000000        5.00000000000000      -0.256248127338168     
   15.0000000000000        6.00000000000000      -0.233508451463267     
   15.0000000000000        7.00000000000000      -0.214235051653209     
   15.0000000000000        8.00000000000000      -0.197466837692697     
   15.0000000000000        9.00000000000000      -0.182693908305804     
   15.0000000000000        10.0000000000000      -0.169519059719437     
   15.0000000000000        11.0000000000000      -0.157546545711196     
   15.0000000000000        12.0000000000000      -0.146441125528272     
   15.0000000000000        13.0000000000000      -0.136013208553111     
   15.0000000000000        14.0000000000000      -0.126223153514409     
   15.0000000000000        15.0000000000000      -0.117096858050238     
   15.0000000000000        16.0000000000000      -0.108625046041043     
   15.0000000000000        17.0000000000000      -0.100723744572564     
   15.0000000000000        18.0000000000000      -9.327519307189426E-002
   15.0000000000000        19.0000000000000      -8.620299189399244E-002
   15.0000000000000        20.0000000000000      -7.951623014166322E-002
   15.0000000000000        21.0000000000000      -7.329042527218040E-002
   15.0000000000000        22.0000000000000      -6.757154709947825E-002
   15.0000000000000        23.0000000000000      -6.233916394676387E-002
   15.0000000000000        24.0000000000000      -5.762950775098322E-002
   15.0000000000000        25.0000000000000      -5.324437676354794E-002
   16.0000000000000        1.00000000000000      -0.268152477236583     
   16.0000000000000        2.00000000000000      -0.264516952344870     
   16.0000000000000        3.00000000000000      -0.254162227565002     
   16.0000000000000        4.00000000000000      -0.239175670214206     
   16.0000000000000        5.00000000000000      -0.222668316711586     
   16.0000000000000        6.00000000000000      -0.207123045145801     
   16.0000000000000        7.00000000000000      -0.193020080094529     
   16.0000000000000        8.00000000000000      -0.180265146184181     
   16.0000000000000        9.00000000000000      -0.168643804957875     
   16.0000000000000        10.0000000000000      -0.157892698998180     
   16.0000000000000        11.0000000000000      -0.147755783225495     
   16.0000000000000        12.0000000000000      -0.138060932941475     
   16.0000000000000        13.0000000000000      -0.128758993621266     
   16.0000000000000        14.0000000000000      -0.119890612176522     
   16.0000000000000        15.0000000000000      -0.111507335392272     
   16.0000000000000        16.0000000000000      -0.103608725179483     
   16.0000000000000        17.0000000000000      -9.613830555663698E-002
   16.0000000000000        18.0000000000000      -8.903047094718186E-002
   16.0000000000000        19.0000000000000      -8.226230844418475E-002
   16.0000000000000        20.0000000000000      -7.586696826287083E-002
   16.0000000000000        21.0000000000000      -6.989979153765870E-002
   16.0000000000000        22.0000000000000      -6.438081687962144E-002
   16.0000000000000        23.0000000000000      -5.927375321649483E-002
   16.0000000000000        24.0000000000000      -5.457568050954755E-002
   16.0000000000000        25.0000000000000      -5.018502159399980E-002
   17.0000000000000        1.00000000000000      -0.214489081284382     
   17.0000000000000        2.00000000000000      -0.213374078909138     
   17.0000000000000        3.00000000000000      -0.209481814105024     
   17.0000000000000        4.00000000000000      -0.202241562417672     
   17.0000000000000        5.00000000000000      -0.193012752790903     
   17.0000000000000        6.00000000000000      -0.183194845684787     
   17.0000000000000        7.00000000000000      -0.173541850310838     
   17.0000000000000        8.00000000000000      -0.164313030214862     
   17.0000000000000        9.00000000000000      -0.155478465199647     
   17.0000000000000        10.0000000000000      -0.146886060389656     
   17.0000000000000        11.0000000000000      -0.138398622070106     
   17.0000000000000        12.0000000000000      -0.129976262980683     
   17.0000000000000        13.0000000000000      -0.121681359999316     
   17.0000000000000        14.0000000000000      -0.113621024402600     
   17.0000000000000        15.0000000000000      -0.105877232939043     
   17.0000000000000        16.0000000000000      -9.847370577563949E-002
   17.0000000000000        17.0000000000000      -9.139418571166030E-002
   17.0000000000000        18.0000000000000      -8.462572752968033E-002
   17.0000000000000        19.0000000000000      -7.818712616339533E-002
   17.0000000000000        20.0000000000000      -7.212039559482593E-002
   17.0000000000000        21.0000000000000      -6.645704661610129E-002
   17.0000000000000        22.0000000000000      -6.118883348777134E-002
   17.0000000000000        23.0000000000000      -5.626871692230421E-002
   17.0000000000000        24.0000000000000      -5.165017513257706E-002
   17.0000000000000        25.0000000000000      -4.731325553798398E-002
   18.0000000000000        1.00000000000000      -0.174642631314905     
   18.0000000000000        2.00000000000000      -0.174794108987734     
   18.0000000000000        3.00000000000000      -0.174293134776528     
   18.0000000000000        4.00000000000000      -0.172571034460470     
   18.0000000000000        5.00000000000000      -0.168682844602406     
   18.0000000000000        6.00000000000000      -0.163191498327990     
   18.0000000000000        7.00000000000000      -0.156941081540065     
   18.0000000000000        8.00000000000000      -0.150410846079911     
   18.0000000000000        9.00000000000000      -0.143713172371138     
   18.0000000000000        10.0000000000000      -0.136791756767470     
   18.0000000000000        11.0000000000000      -0.129605403565856     
   18.0000000000000        12.0000000000000      -0.122211813154385     
   18.0000000000000        13.0000000000000      -0.114750321704096     
   18.0000000000000        14.0000000000000      -0.107372726017474     
   18.0000000000000        15.0000000000000      -0.100185268518827     
   18.0000000000000        16.0000000000000      -9.323775659819930E-002
   18.0000000000000        17.0000000000000      -8.655245531672562E-002
   18.0000000000000        18.0000000000000      -8.015735442615025E-002
   18.0000000000000        19.0000000000000      -7.409382193649011E-002
   18.0000000000000        20.0000000000000      -6.839583169791809E-002
   18.0000000000000        21.0000000000000      -6.306429855263619E-002
   18.0000000000000        22.0000000000000      -5.806385260648061E-002
   18.0000000000000        23.0000000000000      -5.335227815704280E-002
   18.0000000000000        24.0000000000000      -4.891571923803623E-002
   18.0000000000000        25.0000000000000      -4.472618818580047E-002
   19.0000000000000        1.00000000000000      -0.148309660872279     
   19.0000000000000        2.00000000000000      -0.149009512621946     
   19.0000000000000        3.00000000000000      -0.150538938365590     
   19.0000000000000        4.00000000000000      -0.151271031191555     
   19.0000000000000        5.00000000000000      -0.150490889241625     
   19.0000000000000        6.00000000000000      -0.147917734453379     
   19.0000000000000        7.00000000000000      -0.143789502295893     
   19.0000000000000        8.00000000000000      -0.138884061662020     
   19.0000000000000        9.00000000000000      -0.133483160330115     
   19.0000000000000        10.0000000000000      -0.127611223584593     
   19.0000000000000        11.0000000000000      -0.121293164263878     
   19.0000000000000        12.0000000000000      -0.114645117370729     
   19.0000000000000        13.0000000000000      -0.107844108450641     
   19.0000000000000        14.0000000000000      -0.101055486814108     
   19.0000000000000        15.0000000000000      -9.438916317179827E-002
   19.0000000000000        16.0000000000000      -8.790726032249939E-002
   19.0000000000000        17.0000000000000      -8.165678641628875E-002
   19.0000000000000        18.0000000000000      -7.568900585404800E-002
   19.0000000000000        19.0000000000000      -7.004961395421913E-002
   19.0000000000000        20.0000000000000      -6.475237663441208E-002
   19.0000000000000        21.0000000000000      -5.976640106357842E-002
   19.0000000000000        22.0000000000000      -5.506058238368877E-002
   19.0000000000000        23.0000000000000      -5.060735944687064E-002
   19.0000000000000        24.0000000000000      -4.638229886875233E-002
   19.0000000000000        25.0000000000000      -4.238242726776029E-002
   20.0000000000000        1.00000000000000      -0.135061394964134     
   20.0000000000000        2.00000000000000      -0.136380196931547     
   20.0000000000000        3.00000000000000      -0.138916188531461     
   20.0000000000000        4.00000000000000      -0.140421385428846     
   20.0000000000000        5.00000000000000      -0.139849212514616     
   20.0000000000000        6.00000000000000      -0.137477822939606     
   20.0000000000000        7.00000000000000      -0.133839355628436     
   20.0000000000000        8.00000000000000      -0.129407373157415     
   20.0000000000000        9.00000000000000      -0.124476482585076     
   20.0000000000000        10.0000000000000      -0.119074709992139     
   20.0000000000000        11.0000000000000      -0.113239546095639     
   20.0000000000000        12.0000000000000      -0.107104084320980     
   20.0000000000000        13.0000000000000      -0.100849455197755     
   20.0000000000000        14.0000000000000      -9.461997766946774E-002
   20.0000000000000        15.0000000000000      -8.849413969628189E-002
   20.0000000000000        16.0000000000000      -8.252051158716384E-002
   20.0000000000000        17.0000000000000      -7.675400726584296E-002
   20.0000000000000        18.0000000000000      -7.125647970147862E-002
   20.0000000000000        19.0000000000000      -6.606981155495033E-002
   20.0000000000000        20.0000000000000      -6.119041804489862E-002
   20.0000000000000        21.0000000000000      -5.659422921294436E-002
   20.0000000000000        22.0000000000000      -5.224058539869002E-002
   20.0000000000000        23.0000000000000      -4.807667534798204E-002
   20.0000000000000        24.0000000000000      -4.408017070157640E-002
   20.0000000000000        25.0000000000000      -4.026527711891304E-002
   21.0000000000000        1.00000000000000      -0.133432781817352     
   21.0000000000000        2.00000000000000      -0.135072953954399     
   21.0000000000000        3.00000000000000      -0.137442556811234     
   21.0000000000000        4.00000000000000      -0.137311703623661     
   21.0000000000000        5.00000000000000      -0.134688457006861     
   21.0000000000000        6.00000000000000      -0.130693027482693     
   21.0000000000000        7.00000000000000      -0.126068358835578     
   21.0000000000000        8.00000000000000      -0.121181382740014     
   21.0000000000000        9.00000000000000      -0.116152062711226     
   21.0000000000000        10.0000000000000      -0.110851238618128     
   21.0000000000000        11.0000000000000      -0.105251638846775     
   21.0000000000000        12.0000000000000      -9.947786835426141E-002
   21.0000000000000        13.0000000000000      -9.373308821493796E-002
   21.0000000000000        14.0000000000000      -8.811205940048759E-002
   21.0000000000000        15.0000000000000      -8.259572649228254E-002
   21.0000000000000        16.0000000000000      -7.717753310979375E-002
   21.0000000000000        17.0000000000000      -7.191616399087657E-002
   21.0000000000000        18.0000000000000      -6.688942603891929E-002
   21.0000000000000        19.0000000000000      -6.214335439954539E-002
   21.0000000000000        20.0000000000000      -5.769214586776345E-002
   21.0000000000000        21.0000000000000      -5.352112678555293E-002
   21.0000000000000        22.0000000000000      -4.956450867445954E-002
   21.0000000000000        23.0000000000000      -4.573125154386439E-002
   21.0000000000000        24.0000000000000      -4.196782837139583E-002
   21.0000000000000        25.0000000000000      -3.832065979467403E-002
   22.0000000000000        1.00000000000000      -0.139719839893430     
   22.0000000000000        2.00000000000000      -0.141692193509760     
   22.0000000000000        3.00000000000000      -0.141874005698530     
   22.0000000000000        4.00000000000000      -0.137260081660913     
   22.0000000000000        5.00000000000000      -0.130902323802072     
   22.0000000000000        6.00000000000000      -0.124640038513927     
   22.0000000000000        7.00000000000000      -0.118820033871820     
   22.0000000000000        8.00000000000000      -0.113336307990510     
   22.0000000000000        9.00000000000000      -0.108082867892549     
   22.0000000000000        10.0000000000000      -0.102788268442290     
   22.0000000000000        11.0000000000000      -9.731776204002539E-002
   22.0000000000000        12.0000000000000      -9.182256234377614E-002
   22.0000000000000        13.0000000000000      -8.658608852219338E-002
   22.0000000000000        14.0000000000000      -8.168323171597880E-002
   22.0000000000000        15.0000000000000      -7.687376405466338E-002
   22.0000000000000        16.0000000000000      -7.202676572820788E-002
   22.0000000000000        17.0000000000000      -6.723631723094811E-002
   22.0000000000000        18.0000000000000      -6.262287170243530E-002
   22.0000000000000        19.0000000000000      -5.826820512562080E-002
   22.0000000000000        20.0000000000000      -5.422675047609309E-002
   22.0000000000000        21.0000000000000      -5.048263189516963E-002
   22.0000000000000        22.0000000000000      -4.695629799526603E-002
   22.0000000000000        23.0000000000000      -4.350167352438829E-002
   22.0000000000000        24.0000000000000      -3.997481927630930E-002
   22.0000000000000        25.0000000000000      -3.645455563584897E-002
   23.0000000000000        1.00000000000000      -0.144732054006471     
   23.0000000000000        2.00000000000000      -0.147944732078709     
   23.0000000000000        3.00000000000000      -0.143464775010780     
   23.0000000000000        4.00000000000000      -0.133304137832947     
   23.0000000000000        5.00000000000000      -0.124293512700377     
   23.0000000000000        6.00000000000000      -0.117054263076791     
   23.0000000000000        7.00000000000000      -0.110883174240814     
   23.0000000000000        8.00000000000000      -0.105375266876749     
   23.0000000000000        9.00000000000000      -0.100195573945985     
   23.0000000000000        10.0000000000000      -9.507140051761798E-002
   23.0000000000000        11.0000000000000      -8.983963554846434E-002
   23.0000000000000        12.0000000000000      -8.461565361842371E-002
   23.0000000000000        13.0000000000000      -7.991949500291376E-002
   23.0000000000000        14.0000000000000      -7.583201234471770E-002
   23.0000000000000        15.0000000000000      -7.168896844298868E-002
   23.0000000000000        16.0000000000000      -6.725259898823269E-002
   23.0000000000000        17.0000000000000      -6.279202112064272E-002
   23.0000000000000        18.0000000000000      -5.848705515844947E-002
   23.0000000000000        19.0000000000000      -5.445962668085746E-002
   23.0000000000000        20.0000000000000      -5.076991670905302E-002
   23.0000000000000        21.0000000000000      -4.740418244384061E-002
   23.0000000000000        22.0000000000000      -4.428525705315131E-002
   23.0000000000000        23.0000000000000      -4.124015752409577E-002
   23.0000000000000        24.0000000000000      -3.798225119740599E-002
   23.0000000000000        25.0000000000000      -3.453625647393883E-002
   24.0000000000000        1.00000000000000      -0.134229777427497     
   24.0000000000000        2.00000000000000      -0.140963908054370     
   24.0000000000000        3.00000000000000      -0.131341129184025     
   24.0000000000000        4.00000000000000      -0.120939629328114     
   24.0000000000000        5.00000000000000      -0.113815692884753     
   24.0000000000000        6.00000000000000      -0.107887727338310     
   24.0000000000000        7.00000000000000      -0.102456073991254     
   24.0000000000000        8.00000000000000      -9.746576136275817E-002
   24.0000000000000        9.00000000000000      -9.273813170089536E-002
   24.0000000000000        10.0000000000000      -8.810084402103537E-002
   24.0000000000000        11.0000000000000      -8.345988245968736E-002
   24.0000000000000        12.0000000000000      -7.886807153770618E-002
   24.0000000000000        13.0000000000000      -7.483841101606870E-002
   24.0000000000000        14.0000000000000      -7.123356197477296E-002
   24.0000000000000        15.0000000000000      -6.729025877787267E-002
   24.0000000000000        16.0000000000000      -6.293086329538879E-002
   24.0000000000000        17.0000000000000      -5.858648259080847E-002
   24.0000000000000        18.0000000000000      -5.449098963935300E-002
   24.0000000000000        19.0000000000000      -5.072561796928132E-002
   24.0000000000000        20.0000000000000      -4.732029341517229E-002
   24.0000000000000        21.0000000000000      -4.424045669317232E-002
   24.0000000000000        22.0000000000000      -4.140664837485179E-002
   24.0000000000000        23.0000000000000      -3.867190208960117E-002
   24.0000000000000        24.0000000000000      -3.569925584205532E-002
   24.0000000000000        25.0000000000000      -3.230127313477085E-002
   25.0000000000000        1.00000000000000      -0.123402848163577     
   25.0000000000000        2.00000000000000      -0.123407801131065     
   25.0000000000000        3.00000000000000      -0.114930518019014     
   25.0000000000000        4.00000000000000      -0.108719459358965     
   25.0000000000000        5.00000000000000      -0.104057811651134     
   25.0000000000000        6.00000000000000      -9.935542898326269E-002
   25.0000000000000        7.00000000000000      -9.463244627253842E-002
   25.0000000000000        8.00000000000000      -9.017322330498009E-002
   25.0000000000000        9.00000000000000      -8.595094601467974E-002
   25.0000000000000        10.0000000000000      -8.194681479426011E-002
   25.0000000000000        11.0000000000000      -7.818224169614230E-002
   25.0000000000000        12.0000000000000      -7.451895720063670E-002
   25.0000000000000        13.0000000000000      -7.086280017825328E-002
   25.0000000000000        14.0000000000000      -6.699595223616890E-002
   25.0000000000000        15.0000000000000      -6.305970497080138E-002
   25.0000000000000        16.0000000000000      -5.872086865264817E-002
   25.0000000000000        17.0000000000000      -5.448863323638444E-002
   25.0000000000000        18.0000000000000      -5.058660933267280E-002
   25.0000000000000        19.0000000000000      -4.706606597522187E-002
   25.0000000000000        20.0000000000000      -4.390013014241145E-002
   25.0000000000000        21.0000000000000      -4.103578710675047E-002
   25.0000000000000        22.0000000000000      -3.837331439805743E-002
   25.0000000000000        23.0000000000000      -3.576118474659400E-002
   25.0000000000000        24.0000000000000      -3.289016710488766E-002
   25.0000000000000        25.0000000000000      -2.972584400274497E-002
