   1.00000000000000        1.00000000000000      -0.209983334130679     
   1.00000000000000        2.00000000000000      -0.212147267450014     
   1.00000000000000        3.00000000000000      -0.201938801921611     
   1.00000000000000        4.00000000000000      -0.192511717778712     
   1.00000000000000        5.00000000000000      -0.183654915643282     
   1.00000000000000        6.00000000000000      -0.173958445502576     
   1.00000000000000        7.00000000000000      -0.163931925263204     
   1.00000000000000        8.00000000000000      -0.154133218037970     
   1.00000000000000        9.00000000000000      -0.144483125296545     
   1.00000000000000        10.0000000000000      -0.135339590366994     
   1.00000000000000        11.0000000000000      -0.126778416506041     
   1.00000000000000        12.0000000000000      -0.118654315238939     
   1.00000000000000        13.0000000000000      -0.110918969681339     
   1.00000000000000        14.0000000000000      -0.103747829284591     
   1.00000000000000        15.0000000000000      -9.693321248829788E-002
   1.00000000000000        16.0000000000000      -8.958406337017721E-002
   1.00000000000000        17.0000000000000      -8.251551514619131E-002
   1.00000000000000        18.0000000000000      -7.622862454469059E-002
   1.00000000000000        19.0000000000000      -7.085998083897942E-002
   1.00000000000000        20.0000000000000      -6.628347839601353E-002
   1.00000000000000        21.0000000000000      -6.240216933231926E-002
   1.00000000000000        22.0000000000000      -5.904281713032884E-002
   1.00000000000000        23.0000000000000      -5.585175973255008E-002
   1.00000000000000        24.0000000000000      -5.209576589572232E-002
   1.00000000000000        25.0000000000000      -4.770408111344463E-002
   2.00000000000000        1.00000000000000      -0.236416469407874     
   2.00000000000000        2.00000000000000      -0.243785292058261     
   2.00000000000000        3.00000000000000      -0.231986632210408     
   2.00000000000000        4.00000000000000      -0.217504878963201     
   2.00000000000000        5.00000000000000      -0.204891927490759     
   2.00000000000000        6.00000000000000      -0.192573658967412     
   2.00000000000000        7.00000000000000      -0.180453322912326     
   2.00000000000000        8.00000000000000      -0.168678395330997     
   2.00000000000000        9.00000000000000      -0.156999444531632     
   2.00000000000000        10.0000000000000      -0.145744421789755     
   2.00000000000000        11.0000000000000      -0.134708273128090     
   2.00000000000000        12.0000000000000      -0.124053483896499     
   2.00000000000000        13.0000000000000      -0.115261194141516     
   2.00000000000000        14.0000000000000      -0.108549121181665     
   2.00000000000000        15.0000000000000      -0.101819432071487     
   2.00000000000000        16.0000000000000      -9.453284394045351E-002
   2.00000000000000        17.0000000000000      -8.736686534000802E-002
   2.00000000000000        18.0000000000000      -8.085913290403256E-002
   2.00000000000000        19.0000000000000      -7.514626134995203E-002
   2.00000000000000        20.0000000000000      -7.022437348707633E-002
   2.00000000000000        21.0000000000000      -6.605170019987595E-002
   2.00000000000000        22.0000000000000      -6.250007905012536E-002
   2.00000000000000        23.0000000000000      -5.925105527821200E-002
   2.00000000000000        24.0000000000000      -5.541970812149415E-002
   2.00000000000000        25.0000000000000      -5.041356252120448E-002
   3.00000000000000        1.00000000000000      -0.267323405547075     
   3.00000000000000        2.00000000000000      -0.268505598381780     
   3.00000000000000        3.00000000000000      -0.259484078030781     
   3.00000000000000        4.00000000000000      -0.243382690458188     
   3.00000000000000        5.00000000000000      -0.227112512607864     
   3.00000000000000        6.00000000000000      -0.211835357402295     
   3.00000000000000        7.00000000000000      -0.197477871994285     
   3.00000000000000        8.00000000000000      -0.183800218827577     
   3.00000000000000        9.00000000000000      -0.170411750256852     
   3.00000000000000        10.0000000000000      -0.157391725975549     
   3.00000000000000        11.0000000000000      -0.144507751717419     
   3.00000000000000        12.0000000000000      -0.132047250605090     
   3.00000000000000        13.0000000000000      -0.121503838328287     
   3.00000000000000        14.0000000000000      -0.113479230296720     
   3.00000000000000        15.0000000000000      -0.106355927304891     
   3.00000000000000        16.0000000000000      -9.913115550187332E-002
   3.00000000000000        17.0000000000000      -9.200943871390578E-002
   3.00000000000000        18.0000000000000      -8.530764178145769E-002
   3.00000000000000        19.0000000000000      -7.926168051656252E-002
   3.00000000000000        20.0000000000000      -7.395446827774232E-002
   3.00000000000000        21.0000000000000      -6.940048955593309E-002
   3.00000000000000        22.0000000000000      -6.546834798450918E-002
   3.00000000000000        23.0000000000000      -6.170023477916012E-002
   3.00000000000000        24.0000000000000      -5.725149952574189E-002
   3.00000000000000        25.0000000000000      -5.233954466534032E-002
   4.00000000000000        1.00000000000000      -0.286756520147472     
   4.00000000000000        2.00000000000000      -0.285761186922231     
   4.00000000000000        3.00000000000000      -0.278667865743944     
   4.00000000000000        4.00000000000000      -0.264591693942123     
   4.00000000000000        5.00000000000000      -0.247622827177791     
   4.00000000000000        6.00000000000000      -0.230494314343418     
   4.00000000000000        7.00000000000000      -0.214269302063491     
   4.00000000000000        8.00000000000000      -0.198978058472301     
   4.00000000000000        9.00000000000000      -0.184313095954158     
   4.00000000000000        10.0000000000000      -0.170053342679449     
   4.00000000000000        11.0000000000000      -0.156047014858988     
   4.00000000000000        12.0000000000000      -0.142633272945138     
   4.00000000000000        13.0000000000000      -0.130671717909389     
   4.00000000000000        14.0000000000000      -0.120671650470801     
   4.00000000000000        15.0000000000000      -0.112090483405126     
   4.00000000000000        16.0000000000000      -0.104221630332872     
   4.00000000000000        17.0000000000000      -9.670212269834091E-002
   4.00000000000000        18.0000000000000      -8.958863522568698E-002
   4.00000000000000        19.0000000000000      -8.310879351448970E-002
   4.00000000000000        20.0000000000000      -7.731583897328723E-002
   4.00000000000000        21.0000000000000      -7.221738065604598E-002
   4.00000000000000        22.0000000000000      -6.764201332735545E-002
   4.00000000000000        23.0000000000000      -6.317065498292680E-002
   4.00000000000000        24.0000000000000      -5.836197913754419E-002
   4.00000000000000        25.0000000000000      -5.352549752638480E-002
   5.00000000000000        1.00000000000000      -0.315111742605312     
   5.00000000000000        2.00000000000000      -0.312683059228824     
   5.00000000000000        3.00000000000000      -0.304313753306598     
   5.00000000000000        4.00000000000000      -0.289513051254485     
   5.00000000000000        5.00000000000000      -0.270727197256454     
   5.00000000000000        6.00000000000000      -0.250944633496735     
   5.00000000000000        7.00000000000000      -0.232164277527005     
   5.00000000000000        8.00000000000000      -0.214768938085274     
   5.00000000000000        9.00000000000000      -0.198414333629651     
   5.00000000000000        10.0000000000000      -0.182903255651602     
   5.00000000000000        11.0000000000000      -0.167922124555751     
   5.00000000000000        12.0000000000000      -0.153557253571799     
   5.00000000000000        13.0000000000000      -0.140305784338955     
   5.00000000000000        14.0000000000000      -0.128622496118801     
   5.00000000000000        15.0000000000000      -0.118520076595503     
   5.00000000000000        16.0000000000000      -0.109580478838075     
   5.00000000000000        17.0000000000000      -0.101375402443678     
   5.00000000000000        18.0000000000000      -9.372762031024831E-002
   5.00000000000000        19.0000000000000      -8.669991841996583E-002
   5.00000000000000        20.0000000000000      -8.035873170063249E-002
   5.00000000000000        21.0000000000000      -7.468459925915023E-002
   5.00000000000000        22.0000000000000      -6.952036760952052E-002
   5.00000000000000        23.0000000000000      -6.456204222610080E-002
   5.00000000000000        24.0000000000000      -5.958258949239159E-002
   5.00000000000000        25.0000000000000      -5.469799800000043E-002
   6.00000000000000        1.00000000000000      -0.367232256633690     
   6.00000000000000        2.00000000000000      -0.362744443493507     
   6.00000000000000        3.00000000000000      -0.349501974059327     
   6.00000000000000        4.00000000000000      -0.328900328264630     
   6.00000000000000        5.00000000000000      -0.303891214985310     
   6.00000000000000        6.00000000000000      -0.278157844460869     
   6.00000000000000        7.00000000000000      -0.254160362931836     
   6.00000000000000        8.00000000000000      -0.232244389044160     
   6.00000000000000        9.00000000000000      -0.212862369836687     
   6.00000000000000        10.0000000000000      -0.195473800682217     
   6.00000000000000        11.0000000000000      -0.179240153762921     
   6.00000000000000        12.0000000000000      -0.163765719310787     
   6.00000000000000        13.0000000000000      -0.149253853719440     
   6.00000000000000        14.0000000000000      -0.136160773969694     
   6.00000000000000        15.0000000000000      -0.124726890439618     
   6.00000000000000        16.0000000000000      -0.114777072522584     
   6.00000000000000        17.0000000000000      -0.105891074310659     
   6.00000000000000        18.0000000000000      -9.771585291103534E-002
   6.00000000000000        19.0000000000000      -9.014781957891248E-002
   6.00000000000000        20.0000000000000      -8.326694979378628E-002
   6.00000000000000        21.0000000000000      -7.710231989702468E-002
   6.00000000000000        22.0000000000000      -7.153080792589714E-002
   6.00000000000000        23.0000000000000      -6.630945303650250E-002
   6.00000000000000        24.0000000000000      -6.122863847701324E-002
   6.00000000000000        25.0000000000000      -5.624688895112694E-002
   7.00000000000000        1.00000000000000      -0.453040539249377     
   7.00000000000000        2.00000000000000      -0.445081842446327     
   7.00000000000000        3.00000000000000      -0.423031950168578     
   7.00000000000000        4.00000000000000      -0.390725176785295     
   7.00000000000000        5.00000000000000      -0.353719040432899     
   7.00000000000000        6.00000000000000      -0.316690302639424     
   7.00000000000000        7.00000000000000      -0.282206191192685     
   7.00000000000000        8.00000000000000      -0.252578323144917     
   7.00000000000000        9.00000000000000      -0.228166359653925     
   7.00000000000000        10.0000000000000      -0.207783499817238     
   7.00000000000000        11.0000000000000      -0.189799701050224     
   7.00000000000000        12.0000000000000      -0.173091160599003     
   7.00000000000000        13.0000000000000      -0.157405274606320     
   7.00000000000000        14.0000000000000      -0.143086656456671     
   7.00000000000000        15.0000000000000      -0.130504637744072     
   7.00000000000000        16.0000000000000      -0.119648345401012     
   7.00000000000000        17.0000000000000      -0.110133086987814     
   7.00000000000000        18.0000000000000      -0.101504750082532     
   7.00000000000000        19.0000000000000      -9.352923973775613E-002
   7.00000000000000        20.0000000000000      -8.623170874554287E-002
   7.00000000000000        21.0000000000000      -7.970117416992449E-002
   7.00000000000000        22.0000000000000      -7.389197405529220E-002
   7.00000000000000        23.0000000000000      -6.857122556600799E-002
   7.00000000000000        24.0000000000000      -6.345969039274077E-002
   7.00000000000000        25.0000000000000      -5.839568489350208E-002
   8.00000000000000        1.00000000000000      -0.583650183152423     
   8.00000000000000        2.00000000000000      -0.569841030955847     
   8.00000000000000        3.00000000000000      -0.532273647940266     
   8.00000000000000        4.00000000000000      -0.480258790928120     
   8.00000000000000        5.00000000000000      -0.422571324552346     
   8.00000000000000        6.00000000000000      -0.366523679990748     
   8.00000000000000        7.00000000000000      -0.317070323698118     
   8.00000000000000        8.00000000000000      -0.276540284488827     
   8.00000000000000        9.00000000000000      -0.244815661887260     
   8.00000000000000        10.0000000000000      -0.219996566239458     
   8.00000000000000        11.0000000000000      -0.199533185607027     
   8.00000000000000        12.0000000000000      -0.181378565073575     
   8.00000000000000        13.0000000000000      -0.164603817429026     
   8.00000000000000        14.0000000000000      -0.149251424248979     
   8.00000000000000        15.0000000000000      -0.135696946659703     
   8.00000000000000        16.0000000000000      -0.124052123401161     
   8.00000000000000        17.0000000000000      -0.113995187263155     
   8.00000000000000        18.0000000000000      -0.105020138803637     
   8.00000000000000        19.0000000000000      -9.678913480757043E-002
   8.00000000000000        20.0000000000000      -8.926748182119688E-002
   8.00000000000000        21.0000000000000      -8.256918675882439E-002
   8.00000000000000        22.0000000000000      -7.669730938285324E-002
   8.00000000000000        23.0000000000000      -7.142409671819815E-002
   8.00000000000000        24.0000000000000      -6.639660090961950E-002
   8.00000000000000        25.0000000000000      -6.130794326502832E-002
   9.00000000000000        1.00000000000000      -0.778643237734042     
   9.00000000000000        2.00000000000000      -0.752928520836302     
   9.00000000000000        3.00000000000000      -0.684881711207421     
   9.00000000000000        4.00000000000000      -0.596897478422160     
   9.00000000000000        5.00000000000000      -0.507358994887155     
   9.00000000000000        6.00000000000000      -0.426248738347450     
   9.00000000000000        7.00000000000000      -0.357957050158759     
   9.00000000000000        8.00000000000000      -0.303770621270960     
   9.00000000000000        9.00000000000000      -0.262723812882577     
   9.00000000000000        10.0000000000000      -0.232094733622914     
   9.00000000000000        11.0000000000000      -0.208368087377262     
   9.00000000000000        12.0000000000000      -0.188475460645436     
   9.00000000000000        13.0000000000000      -0.170648491179632     
   9.00000000000000        14.0000000000000      -0.154449095084012     
   9.00000000000000        15.0000000000000      -0.140124140180731     
   9.00000000000000        16.0000000000000      -0.127848374324858     
   9.00000000000000        17.0000000000000      -0.117369838902542     
   9.00000000000000        18.0000000000000      -0.108166483860269     
   9.00000000000000        19.0000000000000      -9.982373734675631E-002
   9.00000000000000        20.0000000000000      -9.225111966085479E-002
   9.00000000000000        21.0000000000000      -8.557951195478772E-002
   9.00000000000000        22.0000000000000      -7.987253191013340E-002
   9.00000000000000        23.0000000000000      -7.490408083967498E-002
   9.00000000000000        24.0000000000000      -7.017881041713998E-002
   9.00000000000000        25.0000000000000      -6.520334613532747E-002
   10.0000000000000        1.00000000000000       -1.03703497443124     
   10.0000000000000        2.00000000000000      -0.995708966136645     
   10.0000000000000        3.00000000000000      -0.885756380387258     
   10.0000000000000        4.00000000000000      -0.741781624238831     
   10.0000000000000        5.00000000000000      -0.604807850487508     
   10.0000000000000        6.00000000000000      -0.491694500585635     
   10.0000000000000        7.00000000000000      -0.401547492285171     
   10.0000000000000        8.00000000000000      -0.332159929351201     
   10.0000000000000        9.00000000000000      -0.280764407257450     
   10.0000000000000        10.0000000000000      -0.243568629013824     
   10.0000000000000        11.0000000000000      -0.216089197405929     
   10.0000000000000        12.0000000000000      -0.194252632544137     
   10.0000000000000        13.0000000000000      -0.175405766207554     
   10.0000000000000        14.0000000000000      -0.158531390790079     
   10.0000000000000        15.0000000000000      -0.143643887641680     
   10.0000000000000        16.0000000000000      -0.130914973456414     
   10.0000000000000        17.0000000000000      -0.120148289045305     
   10.0000000000000        18.0000000000000      -0.110827048595759     
   10.0000000000000        19.0000000000000      -0.102489682451619     
   10.0000000000000        20.0000000000000      -9.501364120562718E-002
   10.0000000000000        21.0000000000000      -8.857443238947314E-002
   10.0000000000000        22.0000000000000      -8.334910290432639E-002
   10.0000000000000        23.0000000000000      -7.901601460462773E-002
   10.0000000000000        24.0000000000000      -7.483170578499691E-002
   10.0000000000000        25.0000000000000      -7.012214128677495E-002
   11.0000000000000        1.00000000000000       -1.31891614384246     
   11.0000000000000        2.00000000000000       -1.26153451877471     
   11.0000000000000        3.00000000000000       -1.10441227509593     
   11.0000000000000        4.00000000000000      -0.900089089987115     
   11.0000000000000        5.00000000000000      -0.704574921873637     
   11.0000000000000        6.00000000000000      -0.554142257102480     
   11.0000000000000        7.00000000000000      -0.441714446066906     
   11.0000000000000        8.00000000000000      -0.357818202764306     
   11.0000000000000        9.00000000000000      -0.296727293214758     
   11.0000000000000        10.0000000000000      -0.253335172854037     
   11.0000000000000        11.0000000000000      -0.222260747986653     
   11.0000000000000        12.0000000000000      -0.198566664524296     
   11.0000000000000        13.0000000000000      -0.178815187092739     
   11.0000000000000        14.0000000000000      -0.161434894724403     
   11.0000000000000        15.0000000000000      -0.146175662926647     
   11.0000000000000        16.0000000000000      -0.133160780840101     
   11.0000000000000        17.0000000000000      -0.122226307947369     
   11.0000000000000        18.0000000000000      -0.112869016255480     
   11.0000000000000        19.0000000000000      -0.104607683427634     
   11.0000000000000        20.0000000000000      -9.732302163177457E-002
   11.0000000000000        21.0000000000000      -9.129896956042510E-002
   11.0000000000000        22.0000000000000      -8.680066313390826E-002
   11.0000000000000        23.0000000000000      -8.321403229753493E-002
   11.0000000000000        24.0000000000000      -7.973367513745698E-002
   11.0000000000000        25.0000000000000      -7.538316741176679E-002
   12.0000000000000        1.00000000000000       -1.53499987905291     
   12.0000000000000        2.00000000000000       -1.47209489524839     
   12.0000000000000        3.00000000000000       -1.28300852789762     
   12.0000000000000        4.00000000000000       -1.02647654586579     
   12.0000000000000        5.00000000000000      -0.784645589070934     
   12.0000000000000        6.00000000000000      -0.600619077892324     
   12.0000000000000        7.00000000000000      -0.470573290072429     
   12.0000000000000        8.00000000000000      -0.375954373609376     
   12.0000000000000        9.00000000000000      -0.307865408004706     
   12.0000000000000        10.0000000000000      -0.259999965720092     
   12.0000000000000        11.0000000000000      -0.226305355852697     
   12.0000000000000        12.0000000000000      -0.201251972030000     
   12.0000000000000        13.0000000000000      -0.180860325623160     
   12.0000000000000        14.0000000000000      -0.163159974448637     
   12.0000000000000        15.0000000000000      -0.147692896231022     
   12.0000000000000        16.0000000000000      -0.134527969903811     
   12.0000000000000        17.0000000000000      -0.123514461267825     
   12.0000000000000        18.0000000000000      -0.114161273098766     
   12.0000000000000        19.0000000000000      -0.105984882927166     
   12.0000000000000        20.0000000000000      -9.889202346195664E-002
   12.0000000000000        21.0000000000000      -9.331235173601503E-002
   12.0000000000000        22.0000000000000      -8.938522535343611E-002
   12.0000000000000        23.0000000000000      -8.646564572730893E-002
   12.0000000000000        24.0000000000000      -8.349279760699865E-002
   12.0000000000000        25.0000000000000      -7.932986782634856E-002
   13.0000000000000        1.00000000000000       -1.67344484806619     
   13.0000000000000        2.00000000000000       -1.55211479344147     
   13.0000000000000        3.00000000000000       -1.35223603429980     
   13.0000000000000        4.00000000000000       -1.07532908225640     
   13.0000000000000        5.00000000000000      -0.815479075669642     
   13.0000000000000        6.00000000000000      -0.618028922929187     
   13.0000000000000        7.00000000000000      -0.481139254412424     
   13.0000000000000        8.00000000000000      -0.382529794829488     
   13.0000000000000        9.00000000000000      -0.311877973372821     
   13.0000000000000        10.0000000000000      -0.262376957105823     
   13.0000000000000        11.0000000000000      -0.227720192072913     
   13.0000000000000        12.0000000000000      -0.202166070502919     
   13.0000000000000        13.0000000000000      -0.181541528864283     
   13.0000000000000        14.0000000000000      -0.163730764276734     
   13.0000000000000        15.0000000000000      -0.148197229016679     
   13.0000000000000        16.0000000000000      -0.134986706799002     
   13.0000000000000        17.0000000000000      -0.123951175689601     
   13.0000000000000        18.0000000000000      -0.114604485283183     
   13.0000000000000        19.0000000000000      -0.106464455616645     
   13.0000000000000        20.0000000000000      -9.945299219334154E-002
   13.0000000000000        21.0000000000000      -9.405697453226441E-002
   13.0000000000000        22.0000000000000      -9.035109461942778E-002
   13.0000000000000        23.0000000000000      -8.768597758853805E-002
   13.0000000000000        24.0000000000000      -8.491778816571625E-002
   13.0000000000000        25.0000000000000      -8.175757935011616E-002
   14.0000000000000        1.00000000000000       -1.53500403457874     
   14.0000000000000        2.00000000000000       -1.47209830236878     
   14.0000000000000        3.00000000000000       -1.28301095096844     
   14.0000000000000        4.00000000000000       -1.02647864385627     
   14.0000000000000        5.00000000000000      -0.784646996642157     
   14.0000000000000        6.00000000000000      -0.600619880128649     
   14.0000000000000        7.00000000000000      -0.470573849161897     
   14.0000000000000        8.00000000000000      -0.375954781965706     
   14.0000000000000        9.00000000000000      -0.307865691548177     
   14.0000000000000        10.0000000000000      -0.260000105615323     
   14.0000000000000        11.0000000000000      -0.226305459961071     
   14.0000000000000        12.0000000000000      -0.201252030391483     
   14.0000000000000        13.0000000000000      -0.180860361927650     
   14.0000000000000        14.0000000000000      -0.163159995254337     
   14.0000000000000        15.0000000000000      -0.147692907149175     
   14.0000000000000        16.0000000000000      -0.134527969467240     
   14.0000000000000        17.0000000000000      -0.123514461763971     
   14.0000000000000        18.0000000000000      -0.114161267792366     
   14.0000000000000        19.0000000000000      -0.105984871078491     
   14.0000000000000        20.0000000000000      -9.889202424243218E-002
   14.0000000000000        21.0000000000000      -9.331236082443492E-002
   14.0000000000000        22.0000000000000      -8.938522944020952E-002
   14.0000000000000        23.0000000000000      -8.646564165035420E-002
   14.0000000000000        24.0000000000000      -8.349283729651315E-002
   14.0000000000000        25.0000000000000      -7.932993199517725E-002
   15.0000000000000        1.00000000000000       -1.31892338674627     
   15.0000000000000        2.00000000000000       -1.26153983930213     
   15.0000000000000        3.00000000000000       -1.10441692385744     
   15.0000000000000        4.00000000000000      -0.900092495948628     
   15.0000000000000        5.00000000000000      -0.704577135119023     
   15.0000000000000        6.00000000000000      -0.554143651668845     
   15.0000000000000        7.00000000000000      -0.441715427871354     
   15.0000000000000        8.00000000000000      -0.357818914480687     
   15.0000000000000        9.00000000000000      -0.296727762952339     
   15.0000000000000        10.0000000000000      -0.253335479474246     
   15.0000000000000        11.0000000000000      -0.222260940744925     
   15.0000000000000        12.0000000000000      -0.198566771252173     
   15.0000000000000        13.0000000000000      -0.178815235700789     
   15.0000000000000        14.0000000000000      -0.161434942971854     
   15.0000000000000        15.0000000000000      -0.146175681812552     
   15.0000000000000        16.0000000000000      -0.133160799956203     
   15.0000000000000        17.0000000000000      -0.122226314188307     
   15.0000000000000        18.0000000000000      -0.112869001059144     
   15.0000000000000        19.0000000000000      -0.104607674912164     
   15.0000000000000        20.0000000000000      -9.732301706712063E-002
   15.0000000000000        21.0000000000000      -9.129899298089827E-002
   15.0000000000000        22.0000000000000      -8.680068837733705E-002
   15.0000000000000        23.0000000000000      -8.321405850669919E-002
   15.0000000000000        24.0000000000000      -7.973375453888744E-002
   15.0000000000000        25.0000000000000      -7.538329773305218E-002
   16.0000000000000        1.00000000000000       -1.03704231896646     
   16.0000000000000        2.00000000000000      -0.995715534357861     
   16.0000000000000        3.00000000000000      -0.885761468230338     
   16.0000000000000        4.00000000000000      -0.741785271160034     
   16.0000000000000        5.00000000000000      -0.604810173496536     
   16.0000000000000        6.00000000000000      -0.491696116605536     
   16.0000000000000        7.00000000000000      -0.401548644057680     
   16.0000000000000        8.00000000000000      -0.332160773083432     
   16.0000000000000        9.00000000000000      -0.280764990288892     
   16.0000000000000        10.0000000000000      -0.243568989532402     
   16.0000000000000        11.0000000000000      -0.216089412515163     
   16.0000000000000        12.0000000000000      -0.194252778162160     
   16.0000000000000        13.0000000000000      -0.175405832816162     
   16.0000000000000        14.0000000000000      -0.158531449893939     
   16.0000000000000        15.0000000000000      -0.143643935104149     
   16.0000000000000        16.0000000000000      -0.130914987745749     
   16.0000000000000        17.0000000000000      -0.120148285526366     
   16.0000000000000        18.0000000000000      -0.110827039038326     
   16.0000000000000        19.0000000000000      -0.102489665218324     
   16.0000000000000        20.0000000000000      -9.501363755278268E-002
   16.0000000000000        21.0000000000000      -8.857445121062349E-002
   16.0000000000000        22.0000000000000      -8.334914102183143E-002
   16.0000000000000        23.0000000000000      -7.901606643443228E-002
   16.0000000000000        24.0000000000000      -7.483178558527431E-002
   16.0000000000000        25.0000000000000      -7.012223370674595E-002
   17.0000000000000        1.00000000000000      -0.778648930368482     
   17.0000000000000        2.00000000000000      -0.752933830193955     
   17.0000000000000        3.00000000000000      -0.684885777568995     
   17.0000000000000        4.00000000000000      -0.596900435052016     
   17.0000000000000        5.00000000000000      -0.507361113055807     
   17.0000000000000        6.00000000000000      -0.426250304926708     
   17.0000000000000        7.00000000000000      -0.357958183656178     
   17.0000000000000        8.00000000000000      -0.303771436289287     
   17.0000000000000        9.00000000000000      -0.262724399671711     
   17.0000000000000        10.0000000000000      -0.232095150400077     
   17.0000000000000        11.0000000000000      -0.208368310261062     
   17.0000000000000        12.0000000000000      -0.188475605017496     
   17.0000000000000        13.0000000000000      -0.170648604693774     
   17.0000000000000        14.0000000000000      -0.154449175277268     
   17.0000000000000        15.0000000000000      -0.140124198150270     
   17.0000000000000        16.0000000000000      -0.127848382124501     
   17.0000000000000        17.0000000000000      -0.117369837875688     
   17.0000000000000        18.0000000000000      -0.108166475582498     
   17.0000000000000        19.0000000000000      -9.982372558231926E-002
   17.0000000000000        20.0000000000000      -9.225111575955844E-002
   17.0000000000000        21.0000000000000      -8.557953036214608E-002
   17.0000000000000        22.0000000000000      -7.987256953083316E-002
   17.0000000000000        23.0000000000000      -7.490412679387079E-002
   17.0000000000000        24.0000000000000      -7.017886381282046E-002
   17.0000000000000        25.0000000000000      -6.520337688555382E-002
   18.0000000000000        1.00000000000000      -0.583653796359118     
   18.0000000000000        2.00000000000000      -0.569844382056166     
   18.0000000000000        3.00000000000000      -0.532276430358330     
   18.0000000000000        4.00000000000000      -0.480261094645872     
   18.0000000000000        5.00000000000000      -0.422573076662313     
   18.0000000000000        6.00000000000000      -0.366524980253764     
   18.0000000000000        7.00000000000000      -0.317071317651583     
   18.0000000000000        8.00000000000000      -0.276540998841911     
   18.0000000000000        9.00000000000000      -0.244816175348930     
   18.0000000000000        10.0000000000000      -0.219996898638800     
   18.0000000000000        11.0000000000000      -0.199533422771239     
   18.0000000000000        12.0000000000000      -0.181378716665336     
   18.0000000000000        13.0000000000000      -0.164603936148457     
   18.0000000000000        14.0000000000000      -0.149251496372815     
   18.0000000000000        15.0000000000000      -0.135697017986726     
   18.0000000000000        16.0000000000000      -0.124052154158757     
   18.0000000000000        17.0000000000000      -0.113995177468438     
   18.0000000000000        18.0000000000000      -0.105020133341413     
   18.0000000000000        19.0000000000000      -9.678912652801634E-002
   18.0000000000000        20.0000000000000      -8.926746366235755E-002
   18.0000000000000        21.0000000000000      -8.256919149190596E-002
   18.0000000000000        22.0000000000000      -7.669733610575122E-002
   18.0000000000000        23.0000000000000      -7.142413075164585E-002
   18.0000000000000        24.0000000000000      -6.639663788461043E-002
   18.0000000000000        25.0000000000000      -6.130796224376192E-002
   19.0000000000000        1.00000000000000      -0.453042451884160     
   19.0000000000000        2.00000000000000      -0.445083764112579     
   19.0000000000000        3.00000000000000      -0.423033716671612     
   19.0000000000000        4.00000000000000      -0.390726823755293     
   19.0000000000000        5.00000000000000      -0.353720393678890     
   19.0000000000000        6.00000000000000      -0.316691397574746     
   19.0000000000000        7.00000000000000      -0.282206991307340     
   19.0000000000000        8.00000000000000      -0.252578894614749     
   19.0000000000000        9.00000000000000      -0.228166757729792     
   19.0000000000000        10.0000000000000      -0.207783788661820     
   19.0000000000000        11.0000000000000      -0.189799898877286     
   19.0000000000000        12.0000000000000      -0.173091315985745     
   19.0000000000000        13.0000000000000      -0.157405427971171     
   19.0000000000000        14.0000000000000      -0.143086755375691     
   19.0000000000000        15.0000000000000      -0.130504723093020     
   19.0000000000000        16.0000000000000      -0.119648380968143     
   19.0000000000000        17.0000000000000      -0.110133097049816     
   19.0000000000000        18.0000000000000      -0.101504751013861     
   19.0000000000000        19.0000000000000      -9.352922265659536E-002
   19.0000000000000        20.0000000000000      -8.623168321101181E-002
   19.0000000000000        21.0000000000000      -7.970115217814787E-002
   19.0000000000000        22.0000000000000      -7.389196477547200E-002
   19.0000000000000        23.0000000000000      -6.857124770217526E-002
   19.0000000000000        24.0000000000000      -6.345971404085025E-002
   19.0000000000000        25.0000000000000      -5.839568813336204E-002
   20.0000000000000        1.00000000000000      -0.367233040728586     
   20.0000000000000        2.00000000000000      -0.362745392751607     
   20.0000000000000        3.00000000000000      -0.349502985915945     
   20.0000000000000        4.00000000000000      -0.328901271260332     
   20.0000000000000        5.00000000000000      -0.303892110835601     
   20.0000000000000        6.00000000000000      -0.278158610112246     
   20.0000000000000        7.00000000000000      -0.254160958083473     
   20.0000000000000        8.00000000000000      -0.232244780524494     
   20.0000000000000        9.00000000000000      -0.212862672645543     
   20.0000000000000        10.0000000000000      -0.195474060068339     
   20.0000000000000        11.0000000000000      -0.179240346761810     
   20.0000000000000        12.0000000000000      -0.163765919814818     
   20.0000000000000        13.0000000000000      -0.149254041032646     
   20.0000000000000        14.0000000000000      -0.136160935311259     
   20.0000000000000        15.0000000000000      -0.124727019479143     
   20.0000000000000        16.0000000000000      -0.114777155412777     
   20.0000000000000        17.0000000000000      -0.105891103162739     
   20.0000000000000        18.0000000000000      -9.771582869813845E-002
   20.0000000000000        19.0000000000000      -9.014779191359884E-002
   20.0000000000000        20.0000000000000      -8.326689881960445E-002
   20.0000000000000        21.0000000000000      -7.710225945522765E-002
   20.0000000000000        22.0000000000000      -7.153077020666587E-002
   20.0000000000000        23.0000000000000      -6.630944977036626E-002
   20.0000000000000        24.0000000000000      -6.122864689810005E-002
   20.0000000000000        25.0000000000000      -5.624687478151023E-002
   21.0000000000000        1.00000000000000      -0.315111787690549     
   21.0000000000000        2.00000000000000      -0.312683337156932     
   21.0000000000000        3.00000000000000      -0.304314098818707     
   21.0000000000000        4.00000000000000      -0.289513572351415     
   21.0000000000000        5.00000000000000      -0.270727757068717     
   21.0000000000000        6.00000000000000      -0.250945214125918     
   21.0000000000000        7.00000000000000      -0.232164751312250     
   21.0000000000000        8.00000000000000      -0.214769287929296     
   21.0000000000000        9.00000000000000      -0.198414625257055     
   21.0000000000000        10.0000000000000      -0.182903503461861     
   21.0000000000000        11.0000000000000      -0.167922315876556     
   21.0000000000000        12.0000000000000      -0.153557457024292     
   21.0000000000000        13.0000000000000      -0.140305984865573     
   21.0000000000000        14.0000000000000      -0.128622720981645     
   21.0000000000000        15.0000000000000      -0.118520247690641     
   21.0000000000000        16.0000000000000      -0.109580589766659     
   21.0000000000000        17.0000000000000      -0.101375454702345     
   21.0000000000000        18.0000000000000      -9.372762703395141E-002
   21.0000000000000        19.0000000000000      -8.669988871707099E-002
   21.0000000000000        20.0000000000000      -8.035867095684009E-002
   21.0000000000000        21.0000000000000      -7.468452278883467E-002
   21.0000000000000        22.0000000000000      -6.952029825517388E-002
   21.0000000000000        23.0000000000000      -6.456199115869460E-002
   21.0000000000000        24.0000000000000      -5.958256343587533E-002
   21.0000000000000        25.0000000000000      -5.469794569452012E-002
   22.0000000000000        1.00000000000000      -0.286756118958741     
   22.0000000000000        2.00000000000000      -0.285760901407003     
   22.0000000000000        3.00000000000000      -0.278667921084855     
   22.0000000000000        4.00000000000000      -0.264592001789619     
   22.0000000000000        5.00000000000000      -0.247623265294411     
   22.0000000000000        6.00000000000000      -0.230494752630119     
   22.0000000000000        7.00000000000000      -0.214269737872463     
   22.0000000000000        8.00000000000000      -0.198978424945895     
   22.0000000000000        9.00000000000000      -0.184313409781665     
   22.0000000000000        10.0000000000000      -0.170053570278447     
   22.0000000000000        11.0000000000000      -0.156047234336971     
   22.0000000000000        12.0000000000000      -0.142633518751252     
   22.0000000000000        13.0000000000000      -0.130671975665954     
   22.0000000000000        14.0000000000000      -0.120671934017138     
   22.0000000000000        15.0000000000000      -0.112090710740413     
   22.0000000000000        16.0000000000000      -0.104221773056370     
   22.0000000000000        17.0000000000000      -9.670219921199490E-002
   22.0000000000000        18.0000000000000      -8.958865965282893E-002
   22.0000000000000        19.0000000000000      -8.310878309558868E-002
   22.0000000000000        20.0000000000000      -7.731580466873592E-002
   22.0000000000000        21.0000000000000      -7.221733047717112E-002
   22.0000000000000        22.0000000000000      -6.764194905060975E-002
   22.0000000000000        23.0000000000000      -6.317058875562852E-002
   22.0000000000000        24.0000000000000      -5.836189916160681E-002
   22.0000000000000        25.0000000000000      -5.352539108793904E-002
   23.0000000000000        1.00000000000000      -0.267323163299774     
   23.0000000000000        2.00000000000000      -0.268505352529464     
   23.0000000000000        3.00000000000000      -0.259484180203993     
   23.0000000000000        4.00000000000000      -0.243383189950349     
   23.0000000000000        5.00000000000000      -0.227113059915346     
   23.0000000000000        6.00000000000000      -0.211835886104473     
   23.0000000000000        7.00000000000000      -0.197478352737489     
   23.0000000000000        8.00000000000000      -0.183800599853000     
   23.0000000000000        9.00000000000000      -0.170412045615533     
   23.0000000000000        10.0000000000000      -0.157391992714863     
   23.0000000000000        11.0000000000000      -0.144507969456013     
   23.0000000000000        12.0000000000000      -0.132047395045538     
   23.0000000000000        13.0000000000000      -0.121504079282395     
   23.0000000000000        14.0000000000000      -0.113479454134988     
   23.0000000000000        15.0000000000000      -0.106356098852213     
   23.0000000000000        16.0000000000000      -9.913130709944439E-002
   23.0000000000000        17.0000000000000      -9.200953950178140E-002
   23.0000000000000        18.0000000000000      -8.530770279058961E-002
   23.0000000000000        19.0000000000000      -7.926170091263711E-002
   23.0000000000000        20.0000000000000      -7.395447337046961E-002
   23.0000000000000        21.0000000000000      -6.940048945419129E-002
   23.0000000000000        22.0000000000000      -6.546833329162238E-002
   23.0000000000000        23.0000000000000      -6.170018307091681E-002
   23.0000000000000        24.0000000000000      -5.725140341303481E-002
   23.0000000000000        25.0000000000000      -5.233940336941354E-002
   24.0000000000000        1.00000000000000      -0.236417008111827     
   24.0000000000000        2.00000000000000      -0.243785699063078     
   24.0000000000000        3.00000000000000      -0.231987306433871     
   24.0000000000000        4.00000000000000      -0.217505616735407     
   24.0000000000000        5.00000000000000      -0.204892643482404     
   24.0000000000000        6.00000000000000      -0.192574295232934     
   24.0000000000000        7.00000000000000      -0.180453890694440     
   24.0000000000000        8.00000000000000      -0.168678854176331     
   24.0000000000000        9.00000000000000      -0.156999792830339     
   24.0000000000000        10.0000000000000      -0.145744700428085     
   24.0000000000000        11.0000000000000      -0.134708386861285     
   24.0000000000000        12.0000000000000      -0.124053498323803     
   24.0000000000000        13.0000000000000      -0.115261212127586     
   24.0000000000000        14.0000000000000      -0.108549205721281     
   24.0000000000000        15.0000000000000      -0.101819532675195     
   24.0000000000000        16.0000000000000      -9.453292251572341E-002
   24.0000000000000        17.0000000000000      -8.736691518896154E-002
   24.0000000000000        18.0000000000000      -8.085921382051343E-002
   24.0000000000000        19.0000000000000      -7.514633273849673E-002
   24.0000000000000        20.0000000000000      -7.022445173890121E-002
   24.0000000000000        21.0000000000000      -6.605177381775140E-002
   24.0000000000000        22.0000000000000      -6.250013654400589E-002
   24.0000000000000        23.0000000000000      -5.925110644661199E-002
   24.0000000000000        24.0000000000000      -5.541968721011546E-002
   24.0000000000000        25.0000000000000      -5.041346009375820E-002
   25.0000000000000        1.00000000000000      -0.209983734257935     
   25.0000000000000        2.00000000000000      -0.212147799326287     
   25.0000000000000        3.00000000000000      -0.201939433701048     
   25.0000000000000        4.00000000000000      -0.192512457738241     
   25.0000000000000        5.00000000000000      -0.183655702604287     
   25.0000000000000        6.00000000000000      -0.173959198629001     
   25.0000000000000        7.00000000000000      -0.163932555636053     
   25.0000000000000        8.00000000000000      -0.154133751082767     
   25.0000000000000        9.00000000000000      -0.144483575313634     
   25.0000000000000        10.0000000000000      -0.135339917484258     
   25.0000000000000        11.0000000000000      -0.126778598951405     
   25.0000000000000        12.0000000000000      -0.118654380336833     
   25.0000000000000        13.0000000000000      -0.110919112423684     
   25.0000000000000        14.0000000000000      -0.103747886506072     
   25.0000000000000        15.0000000000000      -9.693323114872485E-002
   25.0000000000000        16.0000000000000      -8.958410112903792E-002
   25.0000000000000        17.0000000000000      -8.251554834438732E-002
   25.0000000000000        18.0000000000000      -7.622868409632548E-002
   25.0000000000000        19.0000000000000      -7.086005723452574E-002
   25.0000000000000        20.0000000000000      -6.628356543837262E-002
   25.0000000000000        21.0000000000000      -6.240228724250570E-002
   25.0000000000000        22.0000000000000      -5.904293670937007E-002
   25.0000000000000        23.0000000000000      -5.585182486203840E-002
   25.0000000000000        24.0000000000000      -5.209570925750499E-002
   25.0000000000000        25.0000000000000      -4.770378868773402E-002
