   1.00000000000000        1.00000000000000      -0.191115239841879     
   1.00000000000000        2.00000000000000      -0.197995261508560     
   1.00000000000000        3.00000000000000      -0.197302989837015     
   1.00000000000000        4.00000000000000      -0.193384035650899     
   1.00000000000000        5.00000000000000      -0.189068784367914     
   1.00000000000000        6.00000000000000      -0.185045166922314     
   1.00000000000000        7.00000000000000      -0.181498970712276     
   1.00000000000000        8.00000000000000      -0.178342625786744     
   1.00000000000000        9.00000000000000      -0.175205431798537     
   1.00000000000000        10.0000000000000      -0.171964181297479     
   1.00000000000000        11.0000000000000      -0.168456461085145     
   1.00000000000000        12.0000000000000      -0.163957923449217     
   1.00000000000000        13.0000000000000      -0.157425897246079     
   1.00000000000000        14.0000000000000      -0.150969696195284     
   1.00000000000000        15.0000000000000      -0.142874088624206     
   1.00000000000000        16.0000000000000      -0.132919419640059     
   1.00000000000000        17.0000000000000      -0.123260026128315     
   1.00000000000000        18.0000000000000      -0.114840570631114     
   1.00000000000000        19.0000000000000      -0.107850803515653     
   1.00000000000000        20.0000000000000      -0.102252616788199     
   1.00000000000000        21.0000000000000      -9.798231076547122E-002
   1.00000000000000        22.0000000000000      -9.474582143821818E-002
   1.00000000000000        23.0000000000000      -9.168750165955901E-002
   1.00000000000000        24.0000000000000      -8.705997454569225E-002
   1.00000000000000        25.0000000000000      -8.101926358821405E-002
   2.00000000000000        1.00000000000000      -0.206651377863619     
   2.00000000000000        2.00000000000000      -0.220392541819200     
   2.00000000000000        3.00000000000000      -0.220833244987700     
   2.00000000000000        4.00000000000000      -0.214477186731540     
   2.00000000000000        5.00000000000000      -0.208734247017155     
   2.00000000000000        6.00000000000000      -0.204284484985008     
   2.00000000000000        7.00000000000000      -0.200565013180392     
   2.00000000000000        8.00000000000000      -0.196938928058077     
   2.00000000000000        9.00000000000000      -0.192691695689254     
   2.00000000000000        10.0000000000000      -0.187454643671784     
   2.00000000000000        11.0000000000000      -0.180715318288105     
   2.00000000000000        12.0000000000000      -0.172792544180668     
   2.00000000000000        13.0000000000000      -0.166078039024186     
   2.00000000000000        14.0000000000000      -0.160090471074536     
   2.00000000000000        15.0000000000000      -0.152048064838793     
   2.00000000000000        16.0000000000000      -0.142197366339279     
   2.00000000000000        17.0000000000000      -0.132305236274293     
   2.00000000000000        18.0000000000000      -0.123373377139689     
   2.00000000000000        19.0000000000000      -0.115671305516247     
   2.00000000000000        20.0000000000000      -0.109331087472033     
   2.00000000000000        21.0000000000000      -0.104370307424628     
   2.00000000000000        22.0000000000000      -0.100622687241947     
   2.00000000000000        23.0000000000000      -9.736497840302230E-002
   2.00000000000000        24.0000000000000      -9.257918963242728E-002
   2.00000000000000        25.0000000000000      -8.519052463369284E-002
   3.00000000000000        1.00000000000000      -0.218134398246477     
   3.00000000000000        2.00000000000000      -0.231658018176120     
   3.00000000000000        3.00000000000000      -0.236483279970721     
   3.00000000000000        4.00000000000000      -0.233023048828452     
   3.00000000000000        5.00000000000000      -0.228453487041596     
   3.00000000000000        6.00000000000000      -0.224736675028217     
   3.00000000000000        7.00000000000000      -0.221366348799305     
   3.00000000000000        8.00000000000000      -0.217548118817713     
   3.00000000000000        9.00000000000000      -0.212619422653619     
   3.00000000000000        10.0000000000000      -0.206190414108929     
   3.00000000000000        11.0000000000000      -0.197568794457719     
   3.00000000000000        12.0000000000000      -0.187349365776448     
   3.00000000000000        13.0000000000000      -0.177902407648625     
   3.00000000000000        14.0000000000000      -0.169928062812189     
   3.00000000000000        15.0000000000000      -0.161279350438744     
   3.00000000000000        16.0000000000000      -0.151361246066910     
   3.00000000000000        17.0000000000000      -0.141270285365735     
   3.00000000000000        18.0000000000000      -0.131789969733181     
   3.00000000000000        19.0000000000000      -0.123351366226076     
   3.00000000000000        20.0000000000000      -0.116192176424384     
   3.00000000000000        21.0000000000000      -0.110370514643714     
   3.00000000000000        22.0000000000000      -0.105690613994060     
   3.00000000000000        23.0000000000000      -0.101212174102334     
   3.00000000000000        24.0000000000000      -9.500140896568481E-002
   3.00000000000000        25.0000000000000      -8.745610161629372E-002
   4.00000000000000        1.00000000000000      -0.222503574318345     
   4.00000000000000        2.00000000000000      -0.235171004299593     
   4.00000000000000        3.00000000000000      -0.243870785913654     
   4.00000000000000        4.00000000000000      -0.246740611559348     
   4.00000000000000        5.00000000000000      -0.246739574631505     
   4.00000000000000        6.00000000000000      -0.245606495558535     
   4.00000000000000        7.00000000000000      -0.243465592756821     
   4.00000000000000        8.00000000000000      -0.239879238728333     
   4.00000000000000        9.00000000000000      -0.234823914465651     
   4.00000000000000        10.0000000000000      -0.227846554945186     
   4.00000000000000        11.0000000000000      -0.218528825911402     
   4.00000000000000        12.0000000000000      -0.207313247811228     
   4.00000000000000        13.0000000000000      -0.195617201197182     
   4.00000000000000        14.0000000000000      -0.184319996830099     
   4.00000000000000        15.0000000000000      -0.173068751728484     
   4.00000000000000        16.0000000000000      -0.161674231523459     
   4.00000000000000        17.0000000000000      -0.150598476152457     
   4.00000000000000        18.0000000000000      -0.140203132343200     
   4.00000000000000        19.0000000000000      -0.130780379481362     
   4.00000000000000        20.0000000000000      -0.122569038968524     
   4.00000000000000        21.0000000000000      -0.115525959442927     
   4.00000000000000        22.0000000000000      -0.109333988688943     
   4.00000000000000        23.0000000000000      -0.103165776621674     
   4.00000000000000        24.0000000000000      -9.604698222485991E-002
   4.00000000000000        25.0000000000000      -8.867201413817070E-002
   5.00000000000000        1.00000000000000      -0.228002869711856     
   5.00000000000000        2.00000000000000      -0.241498629832774     
   5.00000000000000        3.00000000000000      -0.253132577449664     
   5.00000000000000        4.00000000000000      -0.261258256138848     
   5.00000000000000        5.00000000000000      -0.266036981036344     
   5.00000000000000        6.00000000000000      -0.268017333066552     
   5.00000000000000        7.00000000000000      -0.267360431989581     
   5.00000000000000        8.00000000000000      -0.264288570448733     
   5.00000000000000        9.00000000000000      -0.258983176426700     
   5.00000000000000        10.0000000000000      -0.251142486816055     
   5.00000000000000        11.0000000000000      -0.240773737134810     
   5.00000000000000        12.0000000000000      -0.228316369584118     
   5.00000000000000        13.0000000000000      -0.214550684674497     
   5.00000000000000        14.0000000000000      -0.200339066360763     
   5.00000000000000        15.0000000000000      -0.186279630452601     
   5.00000000000000        16.0000000000000      -0.172831644046563     
   5.00000000000000        17.0000000000000      -0.160247122617216     
   5.00000000000000        18.0000000000000      -0.148609672877248     
   5.00000000000000        19.0000000000000      -0.137974185837903     
   5.00000000000000        20.0000000000000      -0.128499348688440     
   5.00000000000000        21.0000000000000      -0.120078415076918     
   5.00000000000000        22.0000000000000      -0.112390979292296     
   5.00000000000000        23.0000000000000      -0.104918344224778     
   5.00000000000000        24.0000000000000      -9.728754891578213E-002
   5.00000000000000        25.0000000000000      -8.983993408034416E-002
   6.00000000000000        1.00000000000000      -0.239148302513957     
   6.00000000000000        2.00000000000000      -0.254791838407057     
   6.00000000000000        3.00000000000000      -0.269255705927411     
   6.00000000000000        4.00000000000000      -0.281238191852244     
   6.00000000000000        5.00000000000000      -0.289726819451540     
   6.00000000000000        6.00000000000000      -0.294205900590742     
   6.00000000000000        7.00000000000000      -0.294672050642114     
   6.00000000000000        8.00000000000000      -0.291493051550705     
   6.00000000000000        9.00000000000000      -0.284964220377420     
   6.00000000000000        10.0000000000000      -0.275379225568866     
   6.00000000000000        11.0000000000000      -0.263105796821403     
   6.00000000000000        12.0000000000000      -0.248638007994029     
   6.00000000000000        13.0000000000000      -0.232662846621272     
   6.00000000000000        14.0000000000000      -0.216036026754293     
   6.00000000000000        15.0000000000000      -0.199632523562557     
   6.00000000000000        16.0000000000000      -0.184132897704381     
   6.00000000000000        17.0000000000000      -0.169871918285914     
   6.00000000000000        18.0000000000000      -0.156863056552273     
   6.00000000000000        19.0000000000000      -0.144984004603985     
   6.00000000000000        20.0000000000000      -0.134178908338889     
   6.00000000000000        21.0000000000000      -0.124428588380826     
   6.00000000000000        22.0000000000000      -0.115487383455788     
   6.00000000000000        23.0000000000000      -0.107069282183877     
   6.00000000000000        24.0000000000000      -9.898932764839413E-002
   6.00000000000000        25.0000000000000      -9.131154187487647E-002
   7.00000000000000        1.00000000000000      -0.257433205878246     
   7.00000000000000        2.00000000000000      -0.276091069735377     
   7.00000000000000        3.00000000000000      -0.293718529084980     
   7.00000000000000        4.00000000000000      -0.308965747064053     
   7.00000000000000        5.00000000000000      -0.320286385512987     
   7.00000000000000        6.00000000000000      -0.326470887550886     
   7.00000000000000        7.00000000000000      -0.326936300250459     
   7.00000000000000        8.00000000000000      -0.322068684573526     
   7.00000000000000        9.00000000000000      -0.312773373319169     
   7.00000000000000        10.0000000000000      -0.300116965009719     
   7.00000000000000        11.0000000000000      -0.284983973653430     
   7.00000000000000        12.0000000000000      -0.267998747928180     
   7.00000000000000        13.0000000000000      -0.249722433445937     
   7.00000000000000        14.0000000000000      -0.230875148082132     
   7.00000000000000        15.0000000000000      -0.212337384066494     
   7.00000000000000        16.0000000000000      -0.194908937516489     
   7.00000000000000        17.0000000000000      -0.179030917260486     
   7.00000000000000        18.0000000000000      -0.164708867594711     
   7.00000000000000        19.0000000000000      -0.151693402315243     
   7.00000000000000        20.0000000000000      -0.139750732195811     
   7.00000000000000        21.0000000000000      -0.128798934404614     
   7.00000000000000        22.0000000000000      -0.118809465271473     
   7.00000000000000        23.0000000000000      -0.109636804164064     
   7.00000000000000        24.0000000000000      -0.101134282114538     
   7.00000000000000        25.0000000000000      -9.319796505005962E-002
   8.00000000000000        1.00000000000000      -0.283578176751958     
   8.00000000000000        2.00000000000000      -0.306112133187063     
   8.00000000000000        3.00000000000000      -0.327339033794231     
   8.00000000000000        4.00000000000000      -0.345633771670524     
   8.00000000000000        5.00000000000000      -0.358865138080320     
   8.00000000000000        6.00000000000000      -0.365327835396147     
   8.00000000000000        7.00000000000000      -0.364200596846038     
   8.00000000000000        8.00000000000000      -0.355955981366810     
   8.00000000000000        9.00000000000000      -0.342223169192527     
   8.00000000000000        10.0000000000000      -0.325024086326106     
   8.00000000000000        11.0000000000000      -0.305950444152928     
   8.00000000000000        12.0000000000000      -0.285851166619059     
   8.00000000000000        13.0000000000000      -0.265118035341955     
   8.00000000000000        14.0000000000000      -0.244182606757605     
   8.00000000000000        15.0000000000000      -0.223753600957822     
   8.00000000000000        16.0000000000000      -0.204632627239364     
   8.00000000000000        17.0000000000000      -0.187334369902480     
   8.00000000000000        18.0000000000000      -0.171876158549704     
   8.00000000000000        19.0000000000000      -0.157911231173290     
   8.00000000000000        20.0000000000000      -0.145065506816202     
   8.00000000000000        21.0000000000000      -0.133183723274491     
   8.00000000000000        22.0000000000000      -0.122310616658875     
   8.00000000000000        23.0000000000000      -0.112489707626684     
   8.00000000000000        24.0000000000000      -0.103616083315005     
   8.00000000000000        25.0000000000000      -9.546533759413163E-002
   9.00000000000000        1.00000000000000      -0.318701692394266     
   9.00000000000000        2.00000000000000      -0.346222400474462     
   9.00000000000000        3.00000000000000      -0.371354233500263     
   9.00000000000000        4.00000000000000      -0.391104182251097     
   9.00000000000000        5.00000000000000      -0.404155627819777     
   9.00000000000000        6.00000000000000      -0.409159194448640     
   9.00000000000000        7.00000000000000      -0.404935386634985     
   9.00000000000000        8.00000000000000      -0.391923484832963     
   9.00000000000000        9.00000000000000      -0.372427173111513     
   9.00000000000000        10.0000000000000      -0.349504786726991     
   9.00000000000000        11.0000000000000      -0.325591327445537     
   9.00000000000000        12.0000000000000      -0.301851998211223     
   9.00000000000000        13.0000000000000      -0.278502597024861     
   9.00000000000000        14.0000000000000      -0.255589575583973     
   9.00000000000000        15.0000000000000      -0.233517156264629     
   9.00000000000000        16.0000000000000      -0.212979899008139     
   9.00000000000000        17.0000000000000      -0.194512528005662     
   9.00000000000000        18.0000000000000      -0.178139740095302     
   9.00000000000000        19.0000000000000      -0.163435492867806     
   9.00000000000000        20.0000000000000      -0.149900868232413     
   9.00000000000000        21.0000000000000      -0.137312005560575     
   9.00000000000000        22.0000000000000      -0.125763536637938     
   9.00000000000000        23.0000000000000      -0.115422861079639     
   9.00000000000000        24.0000000000000      -0.106255862422032     
   9.00000000000000        25.0000000000000      -9.800074727425129E-002
   10.0000000000000        1.00000000000000      -0.363673060107365     
   10.0000000000000        2.00000000000000      -0.397839457778626     
   10.0000000000000        3.00000000000000      -0.428067574769531     
   10.0000000000000        4.00000000000000      -0.446406286294637     
   10.0000000000000        5.00000000000000      -0.454100282603074     
   10.0000000000000        6.00000000000000      -0.454634066921098     
   10.0000000000000        7.00000000000000      -0.445801759772483     
   10.0000000000000        8.00000000000000      -0.427201913467767     
   10.0000000000000        9.00000000000000      -0.401381236036365     
   10.0000000000000        10.0000000000000      -0.372284541999857     
   10.0000000000000        11.0000000000000      -0.343188466954486     
   10.0000000000000        12.0000000000000      -0.315620911894312     
   10.0000000000000        13.0000000000000      -0.289648587684407     
   10.0000000000000        14.0000000000000      -0.264910879685030     
   10.0000000000000        15.0000000000000      -0.241445338449953     
   10.0000000000000        16.0000000000000      -0.219768414075755     
   10.0000000000000        17.0000000000000      -0.200385758786431     
   10.0000000000000        18.0000000000000      -0.183315772679814     
   10.0000000000000        19.0000000000000      -0.168065913653147     
   10.0000000000000        20.0000000000000      -0.154030880317624     
   10.0000000000000        21.0000000000000      -0.140926485441830     
   10.0000000000000        22.0000000000000      -0.128899213251007     
   10.0000000000000        23.0000000000000      -0.118205334804773     
   10.0000000000000        24.0000000000000      -0.108955817428757     
   10.0000000000000        25.0000000000000      -0.100859584928999     
   11.0000000000000        1.00000000000000      -0.416148328538902     
   11.0000000000000        2.00000000000000      -0.459083981974494     
   11.0000000000000        3.00000000000000      -0.494054104884699     
   11.0000000000000        4.00000000000000      -0.509081537456681     
   11.0000000000000        5.00000000000000      -0.504804511743395     
   11.0000000000000        6.00000000000000      -0.496371862496860     
   11.0000000000000        7.00000000000000      -0.481743353133750     
   11.0000000000000        8.00000000000000      -0.457620254781136     
   11.0000000000000        9.00000000000000      -0.425982491333178     
   11.0000000000000        10.0000000000000      -0.391294713052203     
   11.0000000000000        11.0000000000000      -0.357513886816381     
   11.0000000000000        12.0000000000000      -0.326500825370795     
   11.0000000000000        13.0000000000000      -0.298215406090434     
   11.0000000000000        14.0000000000000      -0.271942656800905     
   11.0000000000000        15.0000000000000      -0.247376304945549     
   11.0000000000000        16.0000000000000      -0.224841897523088     
   11.0000000000000        17.0000000000000      -0.204790560442971     
   11.0000000000000        18.0000000000000      -0.187223775130659     
   11.0000000000000        19.0000000000000      -0.171595665729315     
   11.0000000000000        20.0000000000000      -0.157217051333325     
   11.0000000000000        21.0000000000000      -0.143753392476437     
   11.0000000000000        22.0000000000000      -0.131362983942325     
   11.0000000000000        23.0000000000000      -0.120416222042980     
   11.0000000000000        24.0000000000000      -0.111357413424172     
   11.0000000000000        25.0000000000000      -0.103759460975420     
   12.0000000000000        1.00000000000000      -0.463567701624543     
   12.0000000000000        2.00000000000000      -0.518233451955759     
   12.0000000000000        3.00000000000000      -0.555527876833735     
   12.0000000000000        4.00000000000000      -0.562301748974817     
   12.0000000000000        5.00000000000000      -0.546911033581366     
   12.0000000000000        6.00000000000000      -0.526871352080587     
   12.0000000000000        7.00000000000000      -0.506795707213671     
   12.0000000000000        8.00000000000000      -0.478460225407331     
   12.0000000000000        9.00000000000000      -0.442683659770626     
   12.0000000000000        10.0000000000000      -0.404077127445195     
   12.0000000000000        11.0000000000000      -0.367015396979715     
   12.0000000000000        12.0000000000000      -0.333588917128597     
   12.0000000000000        13.0000000000000      -0.303694497524362     
   12.0000000000000        14.0000000000000      -0.276377105247697     
   12.0000000000000        15.0000000000000      -0.251088184668030     
   12.0000000000000        16.0000000000000      -0.228009953565196     
   12.0000000000000        17.0000000000000      -0.207544146065077     
   12.0000000000000        18.0000000000000      -0.189674923781179     
   12.0000000000000        19.0000000000000      -0.173820348121494     
   12.0000000000000        20.0000000000000      -0.159233857026932     
   12.0000000000000        21.0000000000000      -0.145526320205580     
   12.0000000000000        22.0000000000000      -0.132837888248902     
   12.0000000000000        23.0000000000000      -0.121686391135905     
   12.0000000000000        24.0000000000000      -0.112928912257268     
   12.0000000000000        25.0000000000000      -0.105809316557972     
   13.0000000000000        1.00000000000000      -0.481139254412422     
   13.0000000000000        2.00000000000000      -0.546111765927583     
   13.0000000000000        3.00000000000000      -0.582651177994010     
   13.0000000000000        4.00000000000000      -0.583923511671958     
   13.0000000000000        5.00000000000000      -0.563578618175448     
   13.0000000000000        6.00000000000000      -0.538251406398745     
   13.0000000000000        7.00000000000000      -0.515836448188786     
   13.0000000000000        8.00000000000000      -0.485900270686240     
   13.0000000000000        9.00000000000000      -0.448618789622698     
   13.0000000000000        10.0000000000000      -0.408601218823579     
   13.0000000000000        11.0000000000000      -0.370358869249506     
   13.0000000000000        12.0000000000000      -0.336063333750242     
   13.0000000000000        13.0000000000000      -0.305590465730936     
   13.0000000000000        14.0000000000000      -0.277900394290261     
   13.0000000000000        15.0000000000000      -0.252357578171512     
   13.0000000000000        16.0000000000000      -0.229091460324322     
   13.0000000000000        17.0000000000000      -0.208484170351666     
   13.0000000000000        18.0000000000000      -0.190512635617945     
   13.0000000000000        19.0000000000000      -0.174581909611773     
   13.0000000000000        20.0000000000000      -0.159923867939122     
   13.0000000000000        21.0000000000000      -0.146120069778997     
   13.0000000000000        22.0000000000000      -0.133309136620250     
   13.0000000000000        23.0000000000000      -0.122054139668408     
   13.0000000000000        24.0000000000000      -0.113520310735547     
   13.0000000000000        25.0000000000000      -0.106464532213063     
   14.0000000000000        1.00000000000000      -0.463568653563124     
   14.0000000000000        2.00000000000000      -0.518235217057173     
   14.0000000000000        3.00000000000000      -0.555529156483419     
   14.0000000000000        4.00000000000000      -0.562302564530997     
   14.0000000000000        5.00000000000000      -0.546911400755780     
   14.0000000000000        6.00000000000000      -0.526871355321514     
   14.0000000000000        7.00000000000000      -0.506795640187569     
   14.0000000000000        8.00000000000000      -0.478460182559246     
   14.0000000000000        9.00000000000000      -0.442683654606003     
   14.0000000000000        10.0000000000000      -0.404077149107691     
   14.0000000000000        11.0000000000000      -0.367015436556902     
   14.0000000000000        12.0000000000000      -0.333588958355944     
   14.0000000000000        13.0000000000000      -0.303694513095786     
   14.0000000000000        14.0000000000000      -0.276377110356511     
   14.0000000000000        15.0000000000000      -0.251088181619224     
   14.0000000000000        16.0000000000000      -0.228009949539566     
   14.0000000000000        17.0000000000000      -0.207544143123900     
   14.0000000000000        18.0000000000000      -0.189674916595616     
   14.0000000000000        19.0000000000000      -0.173820336647935     
   14.0000000000000        20.0000000000000      -0.159233845065367     
   14.0000000000000        21.0000000000000      -0.145526305160981     
   14.0000000000000        22.0000000000000      -0.132837870870067     
   14.0000000000000        23.0000000000000      -0.121686378402098     
   14.0000000000000        24.0000000000000      -0.112928923064502     
   14.0000000000000        25.0000000000000      -0.105809326427131     
   15.0000000000000        1.00000000000000      -0.416149646773790     
   15.0000000000000        2.00000000000000      -0.459085633248278     
   15.0000000000000        3.00000000000000      -0.494055581267242     
   15.0000000000000        4.00000000000000      -0.509082441504084     
   15.0000000000000        5.00000000000000      -0.504804787545203     
   15.0000000000000        6.00000000000000      -0.496371748379791     
   15.0000000000000        7.00000000000000      -0.481743160414204     
   15.0000000000000        8.00000000000000      -0.457620119787325     
   15.0000000000000        9.00000000000000      -0.425982436415384     
   15.0000000000000        10.0000000000000      -0.391294722863552     
   15.0000000000000        11.0000000000000      -0.357513926451759     
   15.0000000000000        12.0000000000000      -0.326500861773702     
   15.0000000000000        13.0000000000000      -0.298215426680908     
   15.0000000000000        14.0000000000000      -0.271942658640870     
   15.0000000000000        15.0000000000000      -0.247376298614151     
   15.0000000000000        16.0000000000000      -0.224841894524185     
   15.0000000000000        17.0000000000000      -0.204790553059171     
   15.0000000000000        18.0000000000000      -0.187223762283865     
   15.0000000000000        19.0000000000000      -0.171595648435158     
   15.0000000000000        20.0000000000000      -0.157217031542119     
   15.0000000000000        21.0000000000000      -0.143753373921929     
   15.0000000000000        22.0000000000000      -0.131362964312743     
   15.0000000000000        23.0000000000000      -0.120416213972748     
   15.0000000000000        24.0000000000000      -0.111357437299322     
   15.0000000000000        25.0000000000000      -0.103759504778328     
   16.0000000000000        1.00000000000000      -0.363674008358822     
   16.0000000000000        2.00000000000000      -0.397840522934928     
   16.0000000000000        3.00000000000000      -0.428068429126088     
   16.0000000000000        4.00000000000000      -0.446406696738908     
   16.0000000000000        5.00000000000000      -0.454100155983251     
   16.0000000000000        6.00000000000000      -0.454633706425111     
   16.0000000000000        7.00000000000000      -0.445801369909062     
   16.0000000000000        8.00000000000000      -0.427201625555329     
   16.0000000000000        9.00000000000000      -0.401381058944430     
   16.0000000000000        10.0000000000000      -0.372284469278331     
   16.0000000000000        11.0000000000000      -0.343188441680035     
   16.0000000000000        12.0000000000000      -0.315620908368855     
   16.0000000000000        13.0000000000000      -0.289648581482633     
   16.0000000000000        14.0000000000000      -0.264910864234803     
   16.0000000000000        15.0000000000000      -0.241445323146299     
   16.0000000000000        16.0000000000000      -0.219768393110857     
   16.0000000000000        17.0000000000000      -0.200385741747203     
   16.0000000000000        18.0000000000000      -0.183315748812000     
   16.0000000000000        19.0000000000000      -0.168065887973082     
   16.0000000000000        20.0000000000000      -0.154030857152215     
   16.0000000000000        21.0000000000000      -0.140926463972147     
   16.0000000000000        22.0000000000000      -0.128899201119373     
   16.0000000000000        23.0000000000000      -0.118205343746626     
   16.0000000000000        24.0000000000000      -0.108955851649817     
   16.0000000000000        25.0000000000000      -0.100859632558025     
   17.0000000000000        1.00000000000000      -0.318702144515432     
   17.0000000000000        2.00000000000000      -0.346222757232551     
   17.0000000000000        3.00000000000000      -0.371354322731943     
   17.0000000000000        4.00000000000000      -0.391103927965709     
   17.0000000000000        5.00000000000000      -0.404155083189431     
   17.0000000000000        6.00000000000000      -0.409158552938979     
   17.0000000000000        7.00000000000000      -0.404934777897089     
   17.0000000000000        8.00000000000000      -0.391923004053143     
   17.0000000000000        9.00000000000000      -0.372426854443588     
   17.0000000000000        10.0000000000000      -0.349504602476063     
   17.0000000000000        11.0000000000000      -0.325591216126789     
   17.0000000000000        12.0000000000000      -0.301851934982152     
   17.0000000000000        13.0000000000000      -0.278502553443449     
   17.0000000000000        14.0000000000000      -0.255589542937541     
   17.0000000000000        15.0000000000000      -0.233517125339326     
   17.0000000000000        16.0000000000000      -0.212979873044446     
   17.0000000000000        17.0000000000000      -0.194512503485353     
   17.0000000000000        18.0000000000000      -0.178139717017522     
   17.0000000000000        19.0000000000000      -0.163435472222623     
   17.0000000000000        20.0000000000000      -0.149900847034038     
   17.0000000000000        21.0000000000000      -0.137311989630720     
   17.0000000000000        22.0000000000000      -0.125763531117089     
   17.0000000000000        23.0000000000000      -0.115422867356595     
   17.0000000000000        24.0000000000000      -0.106255883234992     
   17.0000000000000        25.0000000000000      -9.800076692338175E-002
   18.0000000000000        1.00000000000000      -0.283578263556449     
   18.0000000000000        2.00000000000000      -0.306111954945545     
   18.0000000000000        3.00000000000000      -0.327338530556721     
   18.0000000000000        4.00000000000000      -0.345633027737168     
   18.0000000000000        5.00000000000000      -0.358864238218389     
   18.0000000000000        6.00000000000000      -0.365326924850734     
   18.0000000000000        7.00000000000000      -0.364199796372547     
   18.0000000000000        8.00000000000000      -0.355955345728616     
   18.0000000000000        9.00000000000000      -0.342222703663499     
   18.0000000000000        10.0000000000000      -0.325023788194914     
   18.0000000000000        11.0000000000000      -0.305950252929094     
   18.0000000000000        12.0000000000000      -0.285851052631379     
   18.0000000000000        13.0000000000000      -0.265117962482168     
   18.0000000000000        14.0000000000000      -0.244182558562232     
   18.0000000000000        15.0000000000000      -0.223753575606996     
   18.0000000000000        16.0000000000000      -0.204632607746989     
   18.0000000000000        17.0000000000000      -0.187334352596622     
   18.0000000000000        18.0000000000000      -0.171876147127197     
   18.0000000000000        19.0000000000000      -0.157911223278853     
   18.0000000000000        20.0000000000000      -0.145065491641305     
   18.0000000000000        21.0000000000000      -0.133183712875931     
   18.0000000000000        22.0000000000000      -0.122310614790205     
   18.0000000000000        23.0000000000000      -0.112489714347137     
   18.0000000000000        24.0000000000000      -0.103616096214639     
   18.0000000000000        25.0000000000000      -9.546534066368888E-002
   19.0000000000000        1.00000000000000      -0.257432984007718     
   19.0000000000000        2.00000000000000      -0.276090505261793     
   19.0000000000000        3.00000000000000      -0.293717626527702     
   19.0000000000000        4.00000000000000      -0.308964600480068     
   19.0000000000000        5.00000000000000      -0.320285156941973     
   19.0000000000000        6.00000000000000      -0.326469769402867     
   19.0000000000000        7.00000000000000      -0.326935358992920     
   19.0000000000000        8.00000000000000      -0.322067945784623     
   19.0000000000000        9.00000000000000      -0.312772827567032     
   19.0000000000000        10.0000000000000      -0.300116604250323     
   19.0000000000000        11.0000000000000      -0.284983738927817     
   19.0000000000000        12.0000000000000      -0.267998616014392     
   19.0000000000000        13.0000000000000      -0.249722364420630     
   19.0000000000000        14.0000000000000      -0.230875120133002     
   19.0000000000000        15.0000000000000      -0.212337376619257     
   19.0000000000000        16.0000000000000      -0.194908934080951     
   19.0000000000000        17.0000000000000      -0.179030923317627     
   19.0000000000000        18.0000000000000      -0.164708872339428     
   19.0000000000000        19.0000000000000      -0.151693399045122     
   19.0000000000000        20.0000000000000      -0.139750725614783     
   19.0000000000000        21.0000000000000      -0.128798926225430     
   19.0000000000000        22.0000000000000      -0.118809459452851     
   19.0000000000000        23.0000000000000      -0.109636804979918     
   19.0000000000000        24.0000000000000      -0.101134280075912     
   19.0000000000000        25.0000000000000      -9.319794704672760E-002
   20.0000000000000        1.00000000000000      -0.239147868034647     
   20.0000000000000        2.00000000000000      -0.254791047023684     
   20.0000000000000        3.00000000000000      -0.269254586201077     
   20.0000000000000        4.00000000000000      -0.281236842299191     
   20.0000000000000        5.00000000000000      -0.289725406539578     
   20.0000000000000        6.00000000000000      -0.294204612184077     
   20.0000000000000        7.00000000000000      -0.294671031464522     
   20.0000000000000        8.00000000000000      -0.291492275444612     
   20.0000000000000        9.00000000000000      -0.284963669603259     
   20.0000000000000        10.0000000000000      -0.275378874782341     
   20.0000000000000        11.0000000000000      -0.263105598437758     
   20.0000000000000        12.0000000000000      -0.248637926796249     
   20.0000000000000        13.0000000000000      -0.232662833860940     
   20.0000000000000        14.0000000000000      -0.216036044996163     
   20.0000000000000        15.0000000000000      -0.199632557192574     
   20.0000000000000        16.0000000000000      -0.184132931831952     
   20.0000000000000        17.0000000000000      -0.169871943537590     
   20.0000000000000        18.0000000000000      -0.156863070327928     
   20.0000000000000        19.0000000000000      -0.144984015604670     
   20.0000000000000        20.0000000000000      -0.134178908158499     
   20.0000000000000        21.0000000000000      -0.124428571810968     
   20.0000000000000        22.0000000000000      -0.115487363667156     
   20.0000000000000        23.0000000000000      -0.107069264797886     
   20.0000000000000        24.0000000000000      -9.898930539986087E-002
   20.0000000000000        25.0000000000000      -9.131149764322916E-002
   21.0000000000000        1.00000000000000      -0.228002287177733     
   21.0000000000000        2.00000000000000      -0.241497697988800     
   21.0000000000000        3.00000000000000      -0.253131340677233     
   21.0000000000000        4.00000000000000      -0.261256888210724     
   21.0000000000000        5.00000000000000      -0.266035623895056     
   21.0000000000000        6.00000000000000      -0.268016105993412     
   21.0000000000000        7.00000000000000      -0.267359446867916     
   21.0000000000000        8.00000000000000      -0.264287859720074     
   21.0000000000000        9.00000000000000      -0.258982710467214     
   21.0000000000000        10.0000000000000      -0.251142218808045     
   21.0000000000000        11.0000000000000      -0.240773636023027     
   21.0000000000000        12.0000000000000      -0.228316376838005     
   21.0000000000000        13.0000000000000      -0.214550759699172     
   21.0000000000000        14.0000000000000      -0.200339148857944     
   21.0000000000000        15.0000000000000      -0.186279705344921     
   21.0000000000000        16.0000000000000      -0.172831704901157     
   21.0000000000000        17.0000000000000      -0.160247166058861     
   21.0000000000000        18.0000000000000      -0.148609700170533     
   21.0000000000000        19.0000000000000      -0.137974201990372     
   21.0000000000000        20.0000000000000      -0.128499341031991     
   21.0000000000000        21.0000000000000      -0.120078388345823     
   21.0000000000000        22.0000000000000      -0.112390943218340     
   21.0000000000000        23.0000000000000      -0.104918305244568     
   21.0000000000000        24.0000000000000      -9.728750017384856E-002
   21.0000000000000        25.0000000000000      -8.983985599876353E-002
   22.0000000000000        1.00000000000000      -0.222502931972243     
   22.0000000000000        2.00000000000000      -0.235169980099719     
   22.0000000000000        3.00000000000000      -0.243869618324979     
   22.0000000000000        4.00000000000000      -0.246739421232511     
   22.0000000000000        5.00000000000000      -0.246738444945832     
   22.0000000000000        6.00000000000000      -0.245605485554457     
   22.0000000000000        7.00000000000000      -0.243464774154400     
   22.0000000000000        8.00000000000000      -0.239878665913287     
   22.0000000000000        9.00000000000000      -0.234823581960871     
   22.0000000000000        10.0000000000000      -0.227846425357068     
   22.0000000000000        11.0000000000000      -0.218528887899258     
   22.0000000000000        12.0000000000000      -0.207313444438829     
   22.0000000000000        13.0000000000000      -0.195617413808543     
   22.0000000000000        14.0000000000000      -0.184320166173603     
   22.0000000000000        15.0000000000000      -0.173068867818309     
   22.0000000000000        16.0000000000000      -0.161674306913464     
   22.0000000000000        17.0000000000000      -0.150598523498473     
   22.0000000000000        18.0000000000000      -0.140203160693580     
   22.0000000000000        19.0000000000000      -0.130780389434047     
   22.0000000000000        20.0000000000000      -0.122569029374788     
   22.0000000000000        21.0000000000000      -0.115525934909194     
   22.0000000000000        22.0000000000000      -0.109333952574467     
   22.0000000000000        23.0000000000000      -0.103165733582542     
   22.0000000000000        24.0000000000000      -9.604691102090762E-002
   22.0000000000000        25.0000000000000      -8.867190618734024E-002
   23.0000000000000        1.00000000000000      -0.218133933212618     
   23.0000000000000        2.00000000000000      -0.231657188531710     
   23.0000000000000        3.00000000000000      -0.236482421255266     
   23.0000000000000        4.00000000000000      -0.233022275786391     
   23.0000000000000        5.00000000000000      -0.228452724797863     
   23.0000000000000        6.00000000000000      -0.224735971834986     
   23.0000000000000        7.00000000000000      -0.221365774425272     
   23.0000000000000        8.00000000000000      -0.217547713202501     
   23.0000000000000        9.00000000000000      -0.212619221199308     
   23.0000000000000        10.0000000000000      -0.206190431883272     
   23.0000000000000        11.0000000000000      -0.197568999562121     
   23.0000000000000        12.0000000000000      -0.187349641692383     
   23.0000000000000        13.0000000000000      -0.177902663592523     
   23.0000000000000        14.0000000000000      -0.169928197123608     
   23.0000000000000        15.0000000000000      -0.161279427025993     
   23.0000000000000        16.0000000000000      -0.151361311047166     
   23.0000000000000        17.0000000000000      -0.141270329523472     
   23.0000000000000        18.0000000000000      -0.131789990653099     
   23.0000000000000        19.0000000000000      -0.123351362658539     
   23.0000000000000        20.0000000000000      -0.116192160770656     
   23.0000000000000        21.0000000000000      -0.110370501113631     
   23.0000000000000        22.0000000000000      -0.105690608837958     
   23.0000000000000        23.0000000000000      -0.101212157249550     
   23.0000000000000        24.0000000000000      -9.500135466176514E-002
   23.0000000000000        25.0000000000000      -8.745599535818094E-002
   24.0000000000000        1.00000000000000      -0.206651326224048     
   24.0000000000000        2.00000000000000      -0.220392378671712     
   24.0000000000000        3.00000000000000      -0.220833049030267     
   24.0000000000000        4.00000000000000      -0.214476867841292     
   24.0000000000000        5.00000000000000      -0.208733839873942     
   24.0000000000000        6.00000000000000      -0.204284067237668     
   24.0000000000000        7.00000000000000      -0.200564663790458     
   24.0000000000000        8.00000000000000      -0.196938694116850     
   24.0000000000000        9.00000000000000      -0.192691607002700     
   24.0000000000000        10.0000000000000      -0.187454716915755     
   24.0000000000000        11.0000000000000      -0.180715484626272     
   24.0000000000000        12.0000000000000      -0.172792704252539     
   24.0000000000000        13.0000000000000      -0.166078049230766     
   24.0000000000000        14.0000000000000      -0.160090458924593     
   24.0000000000000        15.0000000000000      -0.152048082291758     
   24.0000000000000        16.0000000000000      -0.142197392179551     
   24.0000000000000        17.0000000000000      -0.132305249035287     
   24.0000000000000        18.0000000000000      -0.123373368826443     
   24.0000000000000        19.0000000000000      -0.115671281784457     
   24.0000000000000        20.0000000000000      -0.109331061174909     
   24.0000000000000        21.0000000000000      -0.104370298571825     
   24.0000000000000        22.0000000000000      -0.100622716200033     
   24.0000000000000        23.0000000000000      -9.736505149033793E-002
   24.0000000000000        24.0000000000000      -9.257925131191430E-002
   24.0000000000000        25.0000000000000      -8.519049908149054E-002
   25.0000000000000        1.00000000000000      -0.191115181595251     
   25.0000000000000        2.00000000000000      -0.197995248161073     
   25.0000000000000        3.00000000000000      -0.197302932498946     
   25.0000000000000        4.00000000000000      -0.193383871329901     
   25.0000000000000        5.00000000000000      -0.189068568703779     
   25.0000000000000        6.00000000000000      -0.185044933274027     
   25.0000000000000        7.00000000000000      -0.181498775493705     
   25.0000000000000        8.00000000000000      -0.178342506477750     
   25.0000000000000        9.00000000000000      -0.175205410544047     
   25.0000000000000        10.0000000000000      -0.171964232801716     
   25.0000000000000        11.0000000000000      -0.168456535267986     
   25.0000000000000        12.0000000000000      -0.163957960074680     
   25.0000000000000        13.0000000000000      -0.157426108341657     
   25.0000000000000        14.0000000000000      -0.150969817224016     
   25.0000000000000        15.0000000000000      -0.142874153670214     
   25.0000000000000        16.0000000000000      -0.132919457339070     
   25.0000000000000        17.0000000000000      -0.123260022772701     
   25.0000000000000        18.0000000000000      -0.114840525804623     
   25.0000000000000        19.0000000000000      -0.107850739473230     
   25.0000000000000        20.0000000000000      -0.102252559569053     
   25.0000000000000        21.0000000000000      -9.798228338152727E-002
   25.0000000000000        22.0000000000000      -9.474583963161885E-002
   25.0000000000000        23.0000000000000      -9.168755083134526E-002
   25.0000000000000        24.0000000000000      -8.706000049253891E-002
   25.0000000000000        25.0000000000000      -8.101923381875015E-002
