   1.00000000000000        1.00000000000000      -0.130570629566306     
   1.00000000000000        2.00000000000000      -0.138221851486813     
   1.00000000000000        3.00000000000000      -0.142326575061542     
   1.00000000000000        4.00000000000000      -0.143383688050786     
   1.00000000000000        5.00000000000000      -0.144420182067086     
   1.00000000000000        6.00000000000000      -0.146742531383193     
   1.00000000000000        7.00000000000000      -0.150625913450403     
   1.00000000000000        8.00000000000000      -0.155939182921906     
   1.00000000000000        9.00000000000000      -0.162454519239966     
   1.00000000000000        10.0000000000000      -0.169968194375115     
   1.00000000000000        11.0000000000000      -0.177363485062391     
   1.00000000000000        12.0000000000000      -0.181797608926276     
   1.00000000000000        13.0000000000000      -0.181583431104632     
   1.00000000000000        14.0000000000000      -0.181797667102593     
   1.00000000000000        15.0000000000000      -0.177363700461117     
   1.00000000000000        16.0000000000000      -0.169968363718500     
   1.00000000000000        17.0000000000000      -0.162454570246331     
   1.00000000000000        18.0000000000000      -0.155939125189084     
   1.00000000000000        19.0000000000000      -0.150625748520896     
   1.00000000000000        20.0000000000000      -0.146742274589703     
   1.00000000000000        21.0000000000000      -0.144419839976801     
   1.00000000000000        22.0000000000000      -0.143383278828862     
   1.00000000000000        23.0000000000000      -0.142326187916191     
   1.00000000000000        24.0000000000000      -0.138221631124909     
   1.00000000000000        25.0000000000000      -0.130570469032152     
   2.00000000000000        1.00000000000000      -0.138220068885553     
   2.00000000000000        2.00000000000000      -0.149534849703435     
   2.00000000000000        3.00000000000000      -0.154091633999725     
   2.00000000000000        4.00000000000000      -0.154795884628093     
   2.00000000000000        5.00000000000000      -0.156157141723621     
   2.00000000000000        6.00000000000000      -0.159277390916288     
   2.00000000000000        7.00000000000000      -0.164067427887918     
   2.00000000000000        8.00000000000000      -0.170131953485940     
   2.00000000000000        9.00000000000000      -0.176825204750769     
   2.00000000000000        10.0000000000000      -0.183441006734423     
   2.00000000000000        11.0000000000000      -0.188624057483164     
   2.00000000000000        12.0000000000000      -0.190845401740810     
   2.00000000000000        13.0000000000000      -0.191190459833037     
   2.00000000000000        14.0000000000000      -0.190845538782714     
   2.00000000000000        15.0000000000000      -0.188624227658460     
   2.00000000000000        16.0000000000000      -0.183441093166628     
   2.00000000000000        17.0000000000000      -0.176825145783801     
   2.00000000000000        18.0000000000000      -0.170131758309372     
   2.00000000000000        19.0000000000000      -0.164067105059007     
   2.00000000000000        20.0000000000000      -0.159276965655700     
   2.00000000000000        21.0000000000000      -0.156156625074959     
   2.00000000000000        22.0000000000000      -0.154795286897474     
   2.00000000000000        23.0000000000000      -0.154091051276779     
   2.00000000000000        24.0000000000000      -0.149534557603427     
   2.00000000000000        25.0000000000000      -0.138219957170901     
   3.00000000000000        1.00000000000000      -0.142323470621340     
   3.00000000000000        2.00000000000000      -0.154090652961448     
   3.00000000000000        3.00000000000000      -0.161632896192419     
   3.00000000000000        4.00000000000000      -0.164711203746915     
   3.00000000000000        5.00000000000000      -0.167706835903896     
   3.00000000000000        6.00000000000000      -0.172278243451113     
   3.00000000000000        7.00000000000000      -0.178416122848008     
   3.00000000000000        8.00000000000000      -0.185641613929432     
   3.00000000000000        9.00000000000000      -0.193185655668471     
   3.00000000000000        10.0000000000000      -0.199990091493809     
   3.00000000000000        11.0000000000000      -0.204619333205928     
   3.00000000000000        12.0000000000000      -0.206098797434273     
   3.00000000000000        13.0000000000000      -0.206003265585583     
   3.00000000000000        14.0000000000000      -0.206098843936842     
   3.00000000000000        15.0000000000000      -0.204619368529095     
   3.00000000000000        16.0000000000000      -0.199990051806787     
   3.00000000000000        17.0000000000000      -0.193185482963010     
   3.00000000000000        18.0000000000000      -0.185641287524211     
   3.00000000000000        19.0000000000000      -0.178415650708955     
   3.00000000000000        20.0000000000000      -0.172277653468426     
   3.00000000000000        21.0000000000000      -0.167706165834880     
   3.00000000000000        22.0000000000000      -0.164710500764369     
   3.00000000000000        23.0000000000000      -0.161632267550749     
   3.00000000000000        24.0000000000000      -0.154090330262439     
   3.00000000000000        25.0000000000000      -0.142323342420749     
   4.00000000000000        1.00000000000000      -0.143380671375387     
   4.00000000000000        2.00000000000000      -0.154794260456503     
   4.00000000000000        3.00000000000000      -0.164710301788718     
   4.00000000000000        4.00000000000000      -0.171793202474546     
   4.00000000000000        5.00000000000000      -0.178137516981599     
   4.00000000000000        6.00000000000000      -0.185246569847601     
   4.00000000000000        7.00000000000000      -0.193460399523760     
   4.00000000000000        8.00000000000000      -0.202521168367777     
   4.00000000000000        9.00000000000000      -0.211731125221005     
   4.00000000000000        10.0000000000000      -0.220155885430957     
   4.00000000000000        11.0000000000000      -0.226631845299387     
   4.00000000000000        12.0000000000000      -0.230164955371359     
   4.00000000000000        13.0000000000000      -0.231151952453110     
   4.00000000000000        14.0000000000000      -0.230164945199555     
   4.00000000000000        15.0000000000000      -0.226631802994511     
   4.00000000000000        16.0000000000000      -0.220155761357293     
   4.00000000000000        17.0000000000000      -0.211730878464169     
   4.00000000000000        18.0000000000000      -0.202520762644483     
   4.00000000000000        19.0000000000000      -0.193459825067249     
   4.00000000000000        20.0000000000000      -0.185245878294015     
   4.00000000000000        21.0000000000000      -0.178136763091273     
   4.00000000000000        22.0000000000000      -0.171792468848273     
   4.00000000000000        23.0000000000000      -0.164709714204866     
   4.00000000000000        24.0000000000000      -0.154793915021848     
   4.00000000000000        25.0000000000000      -0.143380528119161     
   5.00000000000000        1.00000000000000      -0.144416789309062     
   5.00000000000000        2.00000000000000      -0.156154285391926     
   5.00000000000000        3.00000000000000      -0.167704291480248     
   5.00000000000000        4.00000000000000      -0.178135757214777     
   5.00000000000000        5.00000000000000      -0.188015260167206     
   5.00000000000000        6.00000000000000      -0.198179377992168     
   5.00000000000000        7.00000000000000      -0.209002070499218     
   5.00000000000000        8.00000000000000      -0.220424821271219     
   5.00000000000000        9.00000000000000      -0.231764010489052     
   5.00000000000000        10.0000000000000      -0.242109421863200     
   5.00000000000000        11.0000000000000      -0.250509757640801     
   5.00000000000000        12.0000000000000      -0.256051127479808     
   5.00000000000000        13.0000000000000      -0.257959679515709     
   5.00000000000000        14.0000000000000      -0.256051108129532     
   5.00000000000000        15.0000000000000      -0.250509682840298     
   5.00000000000000        16.0000000000000      -0.242109248315221     
   5.00000000000000        17.0000000000000      -0.231763718362043     
   5.00000000000000        18.0000000000000      -0.220424384588180     
   5.00000000000000        19.0000000000000      -0.209001468875989     
   5.00000000000000        20.0000000000000      -0.198178650736948     
   5.00000000000000        21.0000000000000      -0.188014495307992     
   5.00000000000000        22.0000000000000      -0.178135044069951     
   5.00000000000000        23.0000000000000      -0.167703730944566     
   5.00000000000000        24.0000000000000      -0.156153938209397     
   5.00000000000000        25.0000000000000      -0.144416651305191     
   6.00000000000000        1.00000000000000      -0.146737340046975     
   6.00000000000000        2.00000000000000      -0.159272207010209     
   6.00000000000000        3.00000000000000      -0.172273122905467     
   6.00000000000000        4.00000000000000      -0.185242136967364     
   6.00000000000000        5.00000000000000      -0.198176653898106     
   6.00000000000000        6.00000000000000      -0.211332608940177     
   6.00000000000000        7.00000000000000      -0.224936594004982     
   6.00000000000000        8.00000000000000      -0.238770947769216     
   6.00000000000000        9.00000000000000      -0.252186420093473     
   6.00000000000000        10.0000000000000      -0.264317952985325     
   6.00000000000000        11.0000000000000      -0.274138050200857     
   6.00000000000000        12.0000000000000      -0.280592896379351     
   6.00000000000000        13.0000000000000      -0.282852013210529     
   6.00000000000000        14.0000000000000      -0.280592857440749     
   6.00000000000000        15.0000000000000      -0.274137954765691     
   6.00000000000000        16.0000000000000      -0.264317763975175     
   6.00000000000000        17.0000000000000      -0.252186125153417     
   6.00000000000000        18.0000000000000      -0.238770523974021     
   6.00000000000000        19.0000000000000      -0.224936038514014     
   6.00000000000000        20.0000000000000      -0.211331929201369     
   6.00000000000000        21.0000000000000      -0.198175935056891     
   6.00000000000000        22.0000000000000      -0.185241479910424     
   6.00000000000000        23.0000000000000      -0.172272601107191     
   6.00000000000000        24.0000000000000      -0.159271875444370     
   6.00000000000000        25.0000000000000      -0.146737208318997     
   7.00000000000000        1.00000000000000      -0.150617865503830     
   7.00000000000000        2.00000000000000      -0.164059195468893     
   7.00000000000000        3.00000000000000      -0.178407926168333     
   7.00000000000000        4.00000000000000      -0.193452859341021     
   7.00000000000000        5.00000000000000      -0.208996146950571     
   7.00000000000000        6.00000000000000      -0.224933270414519     
   7.00000000000000        7.00000000000000      -0.241039819732689     
   7.00000000000000        8.00000000000000      -0.256888114909967     
   7.00000000000000        9.00000000000000      -0.271896396550586     
   7.00000000000000        10.0000000000000      -0.285289387150656     
   7.00000000000000        11.0000000000000      -0.296067273372463     
   7.00000000000000        12.0000000000000      -0.303134317015215     
   7.00000000000000        13.0000000000000      -0.305604558786435     
   7.00000000000000        14.0000000000000      -0.303134277550246     
   7.00000000000000        15.0000000000000      -0.296067178051487     
   7.00000000000000        16.0000000000000      -0.285289201340763     
   7.00000000000000        17.0000000000000      -0.271896105374474     
   7.00000000000000        18.0000000000000      -0.256887723506375     
   7.00000000000000        19.0000000000000      -0.241039330405122     
   7.00000000000000        20.0000000000000      -0.224932703651803     
   7.00000000000000        21.0000000000000      -0.208995542129898     
   7.00000000000000        22.0000000000000      -0.193452291834563     
   7.00000000000000        23.0000000000000      -0.178407470952003     
   7.00000000000000        24.0000000000000      -0.164058894656428     
   7.00000000000000        25.0000000000000      -0.150617740334508     
   8.00000000000000        1.00000000000000      -0.155928041620520     
   8.00000000000000        2.00000000000000      -0.170120817362060     
   8.00000000000000        3.00000000000000      -0.185630713774973     
   8.00000000000000        4.00000000000000      -0.202510935786474     
   8.00000000000000        5.00000000000000      -0.220415896692940     
   8.00000000000000        6.00000000000000      -0.238764167119092     
   8.00000000000000        7.00000000000000      -0.256884374778454     
   8.00000000000000        8.00000000000000      -0.274170895951540     
   8.00000000000000        9.00000000000000      -0.290090351005705     
   8.00000000000000        10.0000000000000      -0.304023055037110     
   8.00000000000000        11.0000000000000      -0.315117504355852     
   8.00000000000000        12.0000000000000      -0.322359850951530     
   8.00000000000000        13.0000000000000      -0.324887861174780     
   8.00000000000000        14.0000000000000      -0.322359823642800     
   8.00000000000000        15.0000000000000      -0.315117413246202     
   8.00000000000000        16.0000000000000      -0.304022881863280     
   8.00000000000000        17.0000000000000      -0.290090065031607     
   8.00000000000000        18.0000000000000      -0.274170525660574     
   8.00000000000000        19.0000000000000      -0.256883936512218     
   8.00000000000000        20.0000000000000      -0.238763700036271     
   8.00000000000000        21.0000000000000      -0.220415437469540     
   8.00000000000000        22.0000000000000      -0.202510510934789     
   8.00000000000000        23.0000000000000      -0.185630358789367     
   8.00000000000000        24.0000000000000      -0.170120570555838     
   8.00000000000000        25.0000000000000      -0.155927921914871     
   9.00000000000000        1.00000000000000      -0.162441418966881     
   9.00000000000000        2.00000000000000      -0.176812905013849     
   9.00000000000000        3.00000000000000      -0.193173752085071     
   9.00000000000000        4.00000000000000      -0.211719376178320     
   9.00000000000000        5.00000000000000      -0.231752787152723     
   9.00000000000000        6.00000000000000      -0.252176578433533     
   9.00000000000000        7.00000000000000      -0.271888996194616     
   9.00000000000000        8.00000000000000      -0.290086358081952     
   9.00000000000000        9.00000000000000      -0.306288999240976     
   9.00000000000000        10.0000000000000      -0.320094838498507     
   9.00000000000000        11.0000000000000      -0.330906789576744     
   9.00000000000000        12.0000000000000      -0.337907879162078     
   9.00000000000000        13.0000000000000      -0.340344603639189     
   9.00000000000000        14.0000000000000      -0.337907843766019     
   9.00000000000000        15.0000000000000      -0.330906698458621     
   9.00000000000000        16.0000000000000      -0.320094651043297     
   9.00000000000000        17.0000000000000      -0.306288726402730     
   9.00000000000000        18.0000000000000      -0.290085997395383     
   9.00000000000000        19.0000000000000      -0.271888612229988     
   9.00000000000000        20.0000000000000      -0.252176201596356     
   9.00000000000000        21.0000000000000      -0.231752445766618     
   9.00000000000000        22.0000000000000      -0.211719094398297     
   9.00000000000000        23.0000000000000      -0.193173517466283     
   9.00000000000000        24.0000000000000      -0.176812718804982     
   9.00000000000000        25.0000000000000      -0.162441287582393     
   10.0000000000000        1.00000000000000      -0.169953402446320     
   10.0000000000000        2.00000000000000      -0.183429523434785     
   10.0000000000000        3.00000000000000      -0.199980558060698     
   10.0000000000000        4.00000000000000      -0.220145283801161     
   10.0000000000000        5.00000000000000      -0.242097404994208     
   10.0000000000000        6.00000000000000      -0.264305995502267     
   10.0000000000000        7.00000000000000      -0.285278931975116     
   10.0000000000000        8.00000000000000      -0.304015374261212     
   10.0000000000000        9.00000000000000      -0.320090840477394     
   10.0000000000000        10.0000000000000      -0.333347808540874     
   10.0000000000000        11.0000000000000      -0.343499975545240     
   10.0000000000000        12.0000000000000      -0.349996371809493     
   10.0000000000000        13.0000000000000      -0.352247171518359     
   10.0000000000000        14.0000000000000      -0.349996322310567     
   10.0000000000000        15.0000000000000      -0.343499858473234     
   10.0000000000000        16.0000000000000      -0.333347600451167     
   10.0000000000000        17.0000000000000      -0.320090548847367     
   10.0000000000000        18.0000000000000      -0.304015037507433     
   10.0000000000000        19.0000000000000      -0.285278583186720     
   10.0000000000000        20.0000000000000      -0.264305680965141     
   10.0000000000000        21.0000000000000      -0.242097164408063     
   10.0000000000000        22.0000000000000      -0.220145122256086     
   10.0000000000000        23.0000000000000      -0.199980448919070     
   10.0000000000000        24.0000000000000      -0.183429380106899     
   10.0000000000000        25.0000000000000      -0.169953227900913     
   11.0000000000000        1.00000000000000      -0.177343886710084     
   11.0000000000000        2.00000000000000      -0.188613022115742     
   11.0000000000000        3.00000000000000      -0.204614333611339     
   11.0000000000000        4.00000000000000      -0.226625641116715     
   11.0000000000000        5.00000000000000      -0.250498958699427     
   11.0000000000000        6.00000000000000      -0.274125164224568     
   11.0000000000000        7.00000000000000      -0.296054699860886     
   11.0000000000000        8.00000000000000      -0.315106924374525     
   11.0000000000000        9.00000000000000      -0.330899411332898     
   11.0000000000000        10.0000000000000      -0.343496389715635     
   11.0000000000000        11.0000000000000      -0.352908047726448     
   11.0000000000000        12.0000000000000      -0.358848424754171     
   11.0000000000000        13.0000000000000      -0.360895607608025     
   11.0000000000000        14.0000000000000      -0.358848354037848     
   11.0000000000000        15.0000000000000      -0.352907887397273     
   11.0000000000000        16.0000000000000      -0.343496141634692     
   11.0000000000000        17.0000000000000      -0.330899088934815     
   11.0000000000000        18.0000000000000      -0.315106575339096     
   11.0000000000000        19.0000000000000      -0.296054371491919     
   11.0000000000000        20.0000000000000      -0.274124909879173     
   11.0000000000000        21.0000000000000      -0.250498807176225     
   11.0000000000000        22.0000000000000      -0.226625612584773     
   11.0000000000000        23.0000000000000      -0.204614348940575     
   11.0000000000000        24.0000000000000      -0.188612895818484     
   11.0000000000000        25.0000000000000      -0.177343648377770     
   12.0000000000000        1.00000000000000      -0.181765594394734     
   12.0000000000000        2.00000000000000      -0.190830854462656     
   12.0000000000000        3.00000000000000      -0.206098388264242     
   12.0000000000000        4.00000000000000      -0.230163636464759     
   12.0000000000000        5.00000000000000      -0.256042819934627     
   12.0000000000000        6.00000000000000      -0.280579958539984     
   12.0000000000000        7.00000000000000      -0.303120588097785     
   12.0000000000000        8.00000000000000      -0.322347452242396     
   12.0000000000000        9.00000000000000      -0.337898251492071     
   12.0000000000000        10.0000000000000      -0.349990300600224     
   12.0000000000000        11.0000000000000      -0.358845857299839     
   12.0000000000000        12.0000000000000      -0.364371971794358     
   12.0000000000000        13.0000000000000      -0.366268189697195     
   12.0000000000000        14.0000000000000      -0.364371896884339     
   12.0000000000000        15.0000000000000      -0.358845668295920     
   12.0000000000000        16.0000000000000      -0.349990016845085     
   12.0000000000000        17.0000000000000      -0.337897902527830     
   12.0000000000000        18.0000000000000      -0.322347105342345     
   12.0000000000000        19.0000000000000      -0.303120284028107     
   12.0000000000000        20.0000000000000      -0.280579755664390     
   12.0000000000000        21.0000000000000      -0.256042708313880     
   12.0000000000000        22.0000000000000      -0.230163701567007     
   12.0000000000000        23.0000000000000      -0.206098454704948     
   12.0000000000000        24.0000000000000      -0.190830678664131     
   12.0000000000000        25.0000000000000      -0.181765334757867     
   13.0000000000000        1.00000000000000      -0.181541528864282     
   13.0000000000000        2.00000000000000      -0.191171147888352     
   13.0000000000000        3.00000000000000      -0.206004595366735     
   13.0000000000000        4.00000000000000      -0.231152784135874     
   13.0000000000000        5.00000000000000      -0.257952594903538     
   13.0000000000000        6.00000000000000      -0.282839180955044     
   13.0000000000000        7.00000000000000      -0.305590465730936     
   13.0000000000000        8.00000000000000      -0.324874834491887     
   13.0000000000000        9.00000000000000      -0.340334175602806     
   13.0000000000000        10.0000000000000      -0.352240198758917     
   13.0000000000000        11.0000000000000      -0.360892094690257     
   13.0000000000000        12.0000000000000      -0.366267234201670     
   13.0000000000000        13.0000000000000      -0.368108626321895     
   13.0000000000000        14.0000000000000      -0.366267118725206     
   13.0000000000000        15.0000000000000      -0.360891891999172     
   13.0000000000000        16.0000000000000      -0.352239900147173     
   13.0000000000000        17.0000000000000      -0.340333822783499     
   13.0000000000000        18.0000000000000      -0.324874491396983     
   13.0000000000000        19.0000000000000      -0.305590187538539     
   13.0000000000000        20.0000000000000      -0.282839020551409     
   13.0000000000000        21.0000000000000      -0.257952551735832     
   13.0000000000000        22.0000000000000      -0.231152857694846     
   13.0000000000000        23.0000000000000      -0.206004601060094     
   13.0000000000000        24.0000000000000      -0.191170726132144     
   13.0000000000000        25.0000000000000      -0.181541528166960     
   14.0000000000000        1.00000000000000      -0.181765601347656     
   14.0000000000000        2.00000000000000      -0.190830995024205     
   14.0000000000000        3.00000000000000      -0.206098438320238     
   14.0000000000000        4.00000000000000      -0.230163613381340     
   14.0000000000000        5.00000000000000      -0.256042772293757     
   14.0000000000000        6.00000000000000      -0.280579880990034     
   14.0000000000000        7.00000000000000      -0.303120505348815     
   14.0000000000000        8.00000000000000      -0.322347379653992     
   14.0000000000000        9.00000000000000      -0.337898170237107     
   14.0000000000000        10.0000000000000      -0.349990205302941     
   14.0000000000000        11.0000000000000      -0.358845741093273     
   14.0000000000000        12.0000000000000      -0.364371851756531     
   14.0000000000000        13.0000000000000      -0.366268029332663     
   14.0000000000000        14.0000000000000      -0.364371737296046     
   14.0000000000000        15.0000000000000      -0.358845521133307     
   14.0000000000000        16.0000000000000      -0.349989919349483     
   14.0000000000000        17.0000000000000      -0.337897844024765     
   14.0000000000000        18.0000000000000      -0.322347084566040     
   14.0000000000000        19.0000000000000      -0.303120296101121     
   14.0000000000000        20.0000000000000      -0.280579783998993     
   14.0000000000000        21.0000000000000      -0.256042728505843     
   14.0000000000000        22.0000000000000      -0.230163640834076     
   14.0000000000000        23.0000000000000      -0.206098291324137     
   14.0000000000000        24.0000000000000      -0.190830497258844     
   14.0000000000000        25.0000000000000      -0.181765314068436     
   15.0000000000000        1.00000000000000      -0.177344003424859     
   15.0000000000000        2.00000000000000      -0.188613144877295     
   15.0000000000000        3.00000000000000      -0.204614335513405     
   15.0000000000000        4.00000000000000      -0.226625553937739     
   15.0000000000000        5.00000000000000      -0.250498820244333     
   15.0000000000000        6.00000000000000      -0.274124991647744     
   15.0000000000000        7.00000000000000      -0.296054519920345     
   15.0000000000000        8.00000000000000      -0.315106745253598     
   15.0000000000000        9.00000000000000      -0.330899231467210     
   15.0000000000000        10.0000000000000      -0.343496184626286     
   15.0000000000000        11.0000000000000      -0.352907800757875     
   15.0000000000000        12.0000000000000      -0.358848150609729     
   15.0000000000000        13.0000000000000      -0.360895320803750     
   15.0000000000000        14.0000000000000      -0.358848049722414     
   15.0000000000000        15.0000000000000      -0.352907636064354     
   15.0000000000000        16.0000000000000      -0.343495960257569     
   15.0000000000000        17.0000000000000      -0.330898982964866     
   15.0000000000000        18.0000000000000      -0.315106544692133     
   15.0000000000000        19.0000000000000      -0.296054403652083     
   15.0000000000000        20.0000000000000      -0.274124979503715     
   15.0000000000000        21.0000000000000      -0.250498866282183     
   15.0000000000000        22.0000000000000      -0.226625594549229     
   15.0000000000000        23.0000000000000      -0.204614222575265     
   15.0000000000000        24.0000000000000      -0.188612800009061     
   15.0000000000000        25.0000000000000      -0.177343753128509     
   16.0000000000000        1.00000000000000      -0.169953445454743     
   16.0000000000000        2.00000000000000      -0.183429513334096     
   16.0000000000000        3.00000000000000      -0.199980437311060     
   16.0000000000000        4.00000000000000      -0.220145074645467     
   16.0000000000000        5.00000000000000      -0.242097132523022     
   16.0000000000000        6.00000000000000      -0.264305694963502     
   16.0000000000000        7.00000000000000      -0.285278626180271     
   16.0000000000000        8.00000000000000      -0.304015077171678     
   16.0000000000000        9.00000000000000      -0.320090528945976     
   16.0000000000000        10.0000000000000      -0.333347478773605     
   16.0000000000000        11.0000000000000      -0.343499609520325     
   16.0000000000000        12.0000000000000      -0.349995973992846     
   16.0000000000000        13.0000000000000      -0.352246761512233     
   16.0000000000000        14.0000000000000      -0.349995924974820     
   16.0000000000000        15.0000000000000      -0.343499519167037     
   16.0000000000000        16.0000000000000      -0.333347344570702     
   16.0000000000000        17.0000000000000      -0.320090410822495     
   16.0000000000000        18.0000000000000      -0.304015004515290     
   16.0000000000000        19.0000000000000      -0.285278642968160     
   16.0000000000000        20.0000000000000      -0.264305801142887     
   16.0000000000000        21.0000000000000      -0.242097284757484     
   16.0000000000000        22.0000000000000      -0.220145205563198     
   16.0000000000000        23.0000000000000      -0.199980469672612     
   16.0000000000000        24.0000000000000      -0.183429416128183     
   16.0000000000000        25.0000000000000      -0.169953363157210     
   17.0000000000000        1.00000000000000      -0.162441341396935     
   17.0000000000000        2.00000000000000      -0.176812727319410     
   17.0000000000000        3.00000000000000      -0.193173467423918     
   17.0000000000000        4.00000000000000      -0.211719013962103     
   17.0000000000000        5.00000000000000      -0.231752369898858     
   17.0000000000000        6.00000000000000      -0.252176147832969     
   17.0000000000000        7.00000000000000      -0.271888561463213     
   17.0000000000000        8.00000000000000      -0.290085925111685     
   17.0000000000000        9.00000000000000      -0.306288580747321     
   17.0000000000000        10.0000000000000      -0.320094406463636     
   17.0000000000000        11.0000000000000      -0.330906334309705     
   17.0000000000000        12.0000000000000      -0.337907404907348     
   17.0000000000000        13.0000000000000      -0.340344130581955     
   17.0000000000000        14.0000000000000      -0.337907397596157     
   17.0000000000000        15.0000000000000      -0.330906324568913     
   17.0000000000000        16.0000000000000      -0.320094397715357     
   17.0000000000000        17.0000000000000      -0.306288598271907     
   17.0000000000000        18.0000000000000      -0.290086000975414     
   17.0000000000000        19.0000000000000      -0.271888734882771     
   17.0000000000000        20.0000000000000      -0.252176390097022     
   17.0000000000000        21.0000000000000      -0.231752651531042     
   17.0000000000000        22.0000000000000      -0.211719277385150     
   17.0000000000000        23.0000000000000      -0.193173657451017     
   17.0000000000000        24.0000000000000      -0.176812831935305     
   17.0000000000000        25.0000000000000      -0.162441399231206     
   18.0000000000000        1.00000000000000      -0.155927862106271     
   18.0000000000000        2.00000000000000      -0.170120492955148     
   18.0000000000000        3.00000000000000      -0.185630253979343     
   18.0000000000000        4.00000000000000      -0.202510394644894     
   18.0000000000000        5.00000000000000      -0.220415320859930     
   18.0000000000000        6.00000000000000      -0.238763598446451     
   18.0000000000000        7.00000000000000      -0.256883833322802     
   18.0000000000000        8.00000000000000      -0.274170374080553     
   18.0000000000000        9.00000000000000      -0.290089842672278     
   18.0000000000000        10.0000000000000      -0.304022579972917     
   18.0000000000000        11.0000000000000      -0.315117029704488     
   18.0000000000000        12.0000000000000      -0.322359390921110     
   18.0000000000000        13.0000000000000      -0.324887412878171     
   18.0000000000000        14.0000000000000      -0.322359423362158     
   18.0000000000000        15.0000000000000      -0.315117098841375     
   18.0000000000000        16.0000000000000      -0.304022680840662     
   18.0000000000000        17.0000000000000      -0.290089997710653     
   18.0000000000000        18.0000000000000      -0.274170604105284     
   18.0000000000000        19.0000000000000      -0.256884135577260     
   18.0000000000000        20.0000000000000      -0.238763967286326     
   18.0000000000000        21.0000000000000      -0.220415729259133     
   18.0000000000000        22.0000000000000      -0.202510794654983     
   18.0000000000000        23.0000000000000      -0.185630600157274     
   18.0000000000000        24.0000000000000      -0.170120741307497     
   18.0000000000000        25.0000000000000      -0.155928009722420     
   19.0000000000000        1.00000000000000      -0.150617586910458     
   19.0000000000000        2.00000000000000      -0.164058738752800     
   19.0000000000000        3.00000000000000      -0.178407309322444     
   19.0000000000000        4.00000000000000      -0.193452138755430     
   19.0000000000000        5.00000000000000      -0.208995403686424     
   19.0000000000000        6.00000000000000      -0.224932577514829     
   19.0000000000000        7.00000000000000      -0.241039193579823     
   19.0000000000000        8.00000000000000      -0.256887541749100     
   19.0000000000000        9.00000000000000      -0.271895885350705     
   19.0000000000000        10.0000000000000      -0.285288925843551     
   19.0000000000000        11.0000000000000      -0.296066852025082     
   19.0000000000000        12.0000000000000      -0.303133938912073     
   19.0000000000000        13.0000000000000      -0.305604217856335     
   19.0000000000000        14.0000000000000      -0.303134003988347     
   19.0000000000000        15.0000000000000      -0.296066982867401     
   19.0000000000000        16.0000000000000      -0.285289116853284     
   19.0000000000000        17.0000000000000      -0.271896155473891     
   19.0000000000000        18.0000000000000      -0.256887888588645     
   19.0000000000000        19.0000000000000      -0.241039602744314     
   19.0000000000000        20.0000000000000      -0.224933059169713     
   19.0000000000000        21.0000000000000      -0.208995931767402     
   19.0000000000000        22.0000000000000      -0.193452657120765     
   19.0000000000000        23.0000000000000      -0.178407753904765     
   19.0000000000000        24.0000000000000      -0.164059062993473     
   19.0000000000000        25.0000000000000      -0.150617774285156     
   20.0000000000000        1.00000000000000      -0.146736984490184     
   20.0000000000000        2.00000000000000      -0.159271652914931     
   20.0000000000000        3.00000000000000      -0.172272391679410     
   20.0000000000000        4.00000000000000      -0.185241309260568     
   20.0000000000000        5.00000000000000      -0.198175802636083     
   20.0000000000000        6.00000000000000      -0.211331817120744     
   20.0000000000000        7.00000000000000      -0.224935922811758     
   20.0000000000000        8.00000000000000      -0.238770382183284     
   20.0000000000000        9.00000000000000      -0.252185956856325     
   20.0000000000000        10.0000000000000      -0.264317573869453     
   20.0000000000000        11.0000000000000      -0.274137760817234     
   20.0000000000000        12.0000000000000      -0.280592687751624     
   20.0000000000000        13.0000000000000      -0.282851863660110     
   20.0000000000000        14.0000000000000      -0.280592765534245     
   20.0000000000000        15.0000000000000      -0.274137921110467     
   20.0000000000000        16.0000000000000      -0.264317812393594     
   20.0000000000000        17.0000000000000      -0.252186275765977     
   20.0000000000000        18.0000000000000      -0.238770777835097     
   20.0000000000000        19.0000000000000      -0.224936397009013     
   20.0000000000000        20.0000000000000      -0.211332366465319     
   20.0000000000000        21.0000000000000      -0.198176369277092     
   20.0000000000000        22.0000000000000      -0.185241851649786     
   20.0000000000000        23.0000000000000      -0.172272859414039     
   20.0000000000000        24.0000000000000      -0.159271996377504     
   20.0000000000000        25.0000000000000      -0.146737175974324     
   21.0000000000000        1.00000000000000      -0.144416372465364     
   21.0000000000000        2.00000000000000      -0.156153655079631     
   21.0000000000000        3.00000000000000      -0.167703502091599     
   21.0000000000000        4.00000000000000      -0.178134901757472     
   21.0000000000000        5.00000000000000      -0.188014414236837     
   21.0000000000000        6.00000000000000      -0.198178593296915     
   21.0000000000000        7.00000000000000      -0.209001410005400     
   21.0000000000000        8.00000000000000      -0.220424313910204     
   21.0000000000000        9.00000000000000      -0.231763637250080     
   21.0000000000000        10.0000000000000      -0.242109181004691     
   21.0000000000000        11.0000000000000      -0.250509652713059     
   21.0000000000000        12.0000000000000      -0.256051114145183     
   21.0000000000000        13.0000000000000      -0.257959764458095     
   21.0000000000000        14.0000000000000      -0.256051177391088     
   21.0000000000000        15.0000000000000      -0.250509787154237     
   21.0000000000000        16.0000000000000      -0.242109395734026     
   21.0000000000000        17.0000000000000      -0.231763942978812     
   21.0000000000000        18.0000000000000      -0.220424699078554     
   21.0000000000000        19.0000000000000      -0.209001881030825     
   21.0000000000000        20.0000000000000      -0.198179104458309     
   21.0000000000000        21.0000000000000      -0.188014915732775     
   21.0000000000000        22.0000000000000      -0.178135369822042     
   21.0000000000000        23.0000000000000      -0.167703918951745     
   21.0000000000000        24.0000000000000      -0.156153981667437     
   21.0000000000000        25.0000000000000      -0.144416542023815     
   22.0000000000000        1.00000000000000      -0.143380219312308     
   22.0000000000000        2.00000000000000      -0.154793574932100     
   22.0000000000000        3.00000000000000      -0.164709524624171     
   22.0000000000000        4.00000000000000      -0.171792428478477     
   22.0000000000000        5.00000000000000      -0.178136786099577     
   22.0000000000000        6.00000000000000      -0.185245906425861     
   22.0000000000000        7.00000000000000      -0.193459832735597     
   22.0000000000000        8.00000000000000      -0.202520750711129     
   22.0000000000000        9.00000000000000      -0.211730869452838     
   22.0000000000000        10.0000000000000      -0.220155795070994     
   22.0000000000000        11.0000000000000      -0.226631960595161     
   22.0000000000000        12.0000000000000      -0.230165243688185     
   22.0000000000000        13.0000000000000      -0.231152294845078     
   22.0000000000000        14.0000000000000      -0.230165214164439     
   22.0000000000000        15.0000000000000      -0.226631993754071     
   22.0000000000000        16.0000000000000      -0.220155938102822     
   22.0000000000000        17.0000000000000      -0.211731111304309     
   22.0000000000000        18.0000000000000      -0.202521081059679     
   22.0000000000000        19.0000000000000      -0.193460229488363     
   22.0000000000000        20.0000000000000      -0.185246303328537     
   22.0000000000000        21.0000000000000      -0.178137139285186     
   22.0000000000000        22.0000000000000      -0.171792724372944     
   22.0000000000000        23.0000000000000      -0.164709817077691     
   22.0000000000000        24.0000000000000      -0.154793861169058     
   22.0000000000000        25.0000000000000      -0.143380361690587     
   23.0000000000000        1.00000000000000      -0.142323073424137     
   23.0000000000000        2.00000000000000      -0.154090022569370     
   23.0000000000000        3.00000000000000      -0.161632265738649     
   23.0000000000000        4.00000000000000      -0.164710651748081     
   23.0000000000000        5.00000000000000      -0.167706322813516     
   23.0000000000000        6.00000000000000      -0.172277770354286     
   23.0000000000000        7.00000000000000      -0.178415717168836     
   23.0000000000000        8.00000000000000      -0.185641314206141     
   23.0000000000000        9.00000000000000      -0.193185495612674     
   23.0000000000000        10.0000000000000      -0.199990111579303     
   23.0000000000000        11.0000000000000      -0.204619555957596     
   23.0000000000000        12.0000000000000      -0.206099159091950     
   23.0000000000000        13.0000000000000      -0.206003620485835     
   23.0000000000000        14.0000000000000      -0.206099004576719     
   23.0000000000000        15.0000000000000      -0.204619440523345     
   23.0000000000000        16.0000000000000      -0.199990144809072     
   23.0000000000000        17.0000000000000      -0.193185647963061     
   23.0000000000000        18.0000000000000      -0.185641553307844     
   23.0000000000000        19.0000000000000      -0.178415983501053     
   23.0000000000000        20.0000000000000      -0.172278002517445     
   23.0000000000000        21.0000000000000      -0.167706481191451     
   23.0000000000000        22.0000000000000      -0.164710732162629     
   23.0000000000000        23.0000000000000      -0.161632342354119     
   23.0000000000000        24.0000000000000      -0.154090254663530     
   23.0000000000000        25.0000000000000      -0.142323192964128     
   24.0000000000000        1.00000000000000      -0.138219849507825     
   24.0000000000000        2.00000000000000      -0.149534565083120     
   24.0000000000000        3.00000000000000      -0.154091370419358     
   24.0000000000000        4.00000000000000      -0.154795616124065     
   24.0000000000000        5.00000000000000      -0.156156874346738     
   24.0000000000000        6.00000000000000      -0.159277136620850     
   24.0000000000000        7.00000000000000      -0.164067203686686     
   24.0000000000000        8.00000000000000      -0.170131788751891     
   24.0000000000000        9.00000000000000      -0.176825119522688     
   24.0000000000000        10.0000000000000      -0.183441007752111     
   24.0000000000000        11.0000000000000      -0.188624124966726     
   24.0000000000000        12.0000000000000      -0.190845459328530     
   24.0000000000000        13.0000000000000      -0.191190290003493     
   24.0000000000000        14.0000000000000      -0.190845258882105     
   24.0000000000000        15.0000000000000      -0.188623992441156     
   24.0000000000000        16.0000000000000      -0.183441006745504     
   24.0000000000000        17.0000000000000      -0.176825202640644     
   24.0000000000000        18.0000000000000      -0.170131921863861     
   24.0000000000000        19.0000000000000      -0.164067324515172     
   24.0000000000000        20.0000000000000      -0.159277201919652     
   24.0000000000000        21.0000000000000      -0.156156857275697     
   24.0000000000000        22.0000000000000      -0.154795504528455     
   24.0000000000000        23.0000000000000      -0.154091251293180     
   24.0000000000000        24.0000000000000      -0.149534697034856     
   24.0000000000000        25.0000000000000      -0.138219942309651     
   25.0000000000000        1.00000000000000      -0.130570454105340     
   25.0000000000000        2.00000000000000      -0.138221738305781     
   25.0000000000000        3.00000000000000      -0.142326458843352     
   25.0000000000000        4.00000000000000      -0.143383584025188     
   25.0000000000000        5.00000000000000      -0.144420105198732     
   25.0000000000000        6.00000000000000      -0.146742470950517     
   25.0000000000000        7.00000000000000      -0.150625864992202     
   25.0000000000000        8.00000000000000      -0.155939147322382     
   25.0000000000000        9.00000000000000      -0.162454485068550     
   25.0000000000000        10.0000000000000      -0.169968137475743     
   25.0000000000000        11.0000000000000      -0.177363371477921     
   25.0000000000000        12.0000000000000      -0.181797452990295     
   25.0000000000000        13.0000000000000      -0.181583501226496     
   25.0000000000000        14.0000000000000      -0.181797402528441     
   25.0000000000000        15.0000000000000      -0.177363413658841     
   25.0000000000000        16.0000000000000      -0.169968209914750     
   25.0000000000000        17.0000000000000      -0.162454545816216     
   25.0000000000000        18.0000000000000      -0.155939184872119     
   25.0000000000000        19.0000000000000      -0.150625846797032     
   25.0000000000000        20.0000000000000      -0.146742385675620     
   25.0000000000000        21.0000000000000      -0.144419947007252     
   25.0000000000000        22.0000000000000      -0.143383381616499     
   25.0000000000000        23.0000000000000      -0.142326291404776     
   25.0000000000000        24.0000000000000      -0.138221718021904     
   25.0000000000000        25.0000000000000      -0.130570540626374     
