   1.00000000000000        1.00000000000000      -0.387855923888193     
   1.00000000000000        2.00000000000000      -0.406769152174201     
   1.00000000000000        3.00000000000000      -0.409328929368308     
   1.00000000000000        4.00000000000000      -0.397744722694626     
   1.00000000000000        5.00000000000000      -0.383206329876935     
   1.00000000000000        6.00000000000000      -0.370270717748750     
   1.00000000000000        7.00000000000000      -0.358553580838631     
   1.00000000000000        8.00000000000000      -0.346669417221278     
   1.00000000000000        9.00000000000000      -0.333994315988318     
   1.00000000000000        10.0000000000000      -0.321230216145966     
   1.00000000000000        11.0000000000000      -0.308772176984833     
   1.00000000000000        12.0000000000000      -0.298959385532553     
   1.00000000000000        13.0000000000000      -0.282238789580547     
   1.00000000000000        14.0000000000000      -0.263595777801272     
   1.00000000000000        15.0000000000000      -0.238071582400103     
   1.00000000000000        16.0000000000000      -0.207943382025715     
   1.00000000000000        17.0000000000000      -0.180973858373157     
   1.00000000000000        18.0000000000000      -0.159426772100412     
   1.00000000000000        19.0000000000000      -0.143812525395288     
   1.00000000000000        20.0000000000000      -0.133674999387761     
   1.00000000000000        21.0000000000000      -0.128524126889084     
   1.00000000000000        22.0000000000000      -0.127054581038143     
   1.00000000000000        23.0000000000000      -0.125819088665875     
   1.00000000000000        24.0000000000000      -0.118922495664751     
   1.00000000000000        25.0000000000000      -0.110153681077343     
   2.00000000000000        1.00000000000000      -0.406769690085901     
   2.00000000000000        2.00000000000000      -0.456572935886500     
   2.00000000000000        3.00000000000000      -0.461780564277940     
   2.00000000000000        4.00000000000000      -0.445926776604877     
   2.00000000000000        5.00000000000000      -0.428633770147605     
   2.00000000000000        6.00000000000000      -0.413577934904054     
   2.00000000000000        7.00000000000000      -0.399559435721794     
   2.00000000000000        8.00000000000000      -0.384352935160054     
   2.00000000000000        9.00000000000000      -0.367739831199555     
   2.00000000000000        10.0000000000000      -0.349830968040470     
   2.00000000000000        11.0000000000000      -0.328054764311141     
   2.00000000000000        12.0000000000000      -0.307479145835817     
   2.00000000000000        13.0000000000000      -0.294223396166356     
   2.00000000000000        14.0000000000000      -0.277539017110929     
   2.00000000000000        15.0000000000000      -0.250823714543295     
   2.00000000000000        16.0000000000000      -0.220202749165793     
   2.00000000000000        17.0000000000000      -0.192337140356529     
   2.00000000000000        18.0000000000000      -0.169823591365418     
   2.00000000000000        19.0000000000000      -0.152977069422548     
   2.00000000000000        20.0000000000000      -0.141502629907027     
   2.00000000000000        21.0000000000000      -0.134979289025489     
   2.00000000000000        22.0000000000000      -0.132427142416794     
   2.00000000000000        23.0000000000000      -0.131078746016369     
   2.00000000000000        24.0000000000000      -0.125290232419962     
   2.00000000000000        25.0000000000000      -0.113355212565097     
   3.00000000000000        1.00000000000000      -0.409328284958713     
   3.00000000000000        2.00000000000000      -0.461792977781775     
   3.00000000000000        3.00000000000000      -0.488455846287658     
   3.00000000000000        4.00000000000000      -0.483822616523656     
   3.00000000000000        5.00000000000000      -0.469553105509329     
   3.00000000000000        6.00000000000000      -0.454542962771281     
   3.00000000000000        7.00000000000000      -0.438742740266774     
   3.00000000000000        8.00000000000000      -0.420469111664166     
   3.00000000000000        9.00000000000000      -0.400263682260285     
   3.00000000000000        10.0000000000000      -0.379899643547056     
   3.00000000000000        11.0000000000000      -0.353569276414506     
   3.00000000000000        12.0000000000000      -0.325315649066191     
   3.00000000000000        13.0000000000000      -0.301702076153564     
   3.00000000000000        14.0000000000000      -0.280070513515040     
   3.00000000000000        15.0000000000000      -0.254162183841449     
   3.00000000000000        16.0000000000000      -0.225817749528359     
   3.00000000000000        17.0000000000000      -0.199583059958438     
   3.00000000000000        18.0000000000000      -0.177743627773723     
   3.00000000000000        19.0000000000000      -0.160607990671244     
   3.00000000000000        20.0000000000000      -0.148372406141032     
   3.00000000000000        21.0000000000000      -0.140799890583685     
   3.00000000000000        22.0000000000000      -0.136796256992684     
   3.00000000000000        23.0000000000000      -0.133126128948218     
   3.00000000000000        24.0000000000000      -0.124133677634837     
   3.00000000000000        25.0000000000000      -0.112067114810761     
   4.00000000000000        1.00000000000000      -0.397744705870229     
   4.00000000000000        2.00000000000000      -0.445937176230856     
   4.00000000000000        3.00000000000000      -0.483825988576563     
   4.00000000000000        4.00000000000000      -0.497088330833785     
   4.00000000000000        5.00000000000000      -0.494631571928412     
   4.00000000000000        6.00000000000000      -0.484729725004813     
   4.00000000000000        7.00000000000000      -0.469944567274174     
   4.00000000000000        8.00000000000000      -0.449629855809021     
   4.00000000000000        9.00000000000000      -0.428580585537345     
   4.00000000000000        10.0000000000000      -0.405793622356636     
   4.00000000000000        11.0000000000000      -0.377957637020326     
   4.00000000000000        12.0000000000000      -0.345785604954071     
   4.00000000000000        13.0000000000000      -0.314219701978331     
   4.00000000000000        14.0000000000000      -0.284928111605857     
   4.00000000000000        15.0000000000000      -0.256454009143639     
   4.00000000000000        16.0000000000000      -0.228947552626097     
   4.00000000000000        17.0000000000000      -0.204341502495914     
   4.00000000000000        18.0000000000000      -0.183323232500140     
   4.00000000000000        19.0000000000000      -0.166108838885358     
   4.00000000000000        20.0000000000000      -0.153185769558304     
   4.00000000000000        21.0000000000000      -0.144150487495480     
   4.00000000000000        22.0000000000000      -0.137586436513380     
   4.00000000000000        23.0000000000000      -0.130618208208642     
   4.00000000000000        24.0000000000000      -0.120433935407736     
   4.00000000000000        25.0000000000000      -0.109969718807643     
   5.00000000000000        1.00000000000000      -0.383206288761387     
   5.00000000000000        2.00000000000000      -0.428635672868091     
   5.00000000000000        3.00000000000000      -0.469548570302796     
   5.00000000000000        4.00000000000000      -0.494624602576072     
   5.00000000000000        5.00000000000000      -0.503635870959940     
   5.00000000000000        6.00000000000000      -0.500782408732287     
   5.00000000000000        7.00000000000000      -0.488179933687381     
   5.00000000000000        8.00000000000000      -0.469625992628256     
   5.00000000000000        9.00000000000000      -0.449513684252816     
   5.00000000000000        10.0000000000000      -0.424358998065519     
   5.00000000000000        11.0000000000000      -0.393725154991468     
   5.00000000000000        12.0000000000000      -0.359429998563964     
   5.00000000000000        13.0000000000000      -0.324072571577029     
   5.00000000000000        14.0000000000000      -0.290333877649620     
   5.00000000000000        15.0000000000000      -0.259383895865282     
   5.00000000000000        16.0000000000000      -0.231804455235508     
   5.00000000000000        17.0000000000000      -0.207685871770346     
   5.00000000000000        18.0000000000000      -0.186936859224334     
   5.00000000000000        19.0000000000000      -0.169572009635310     
   5.00000000000000        20.0000000000000      -0.155852336334943     
   5.00000000000000        21.0000000000000      -0.145278324044290     
   5.00000000000000        22.0000000000000      -0.136478965420675     
   5.00000000000000        23.0000000000000      -0.127557461662723     
   5.00000000000000        24.0000000000000      -0.117520759022818     
   5.00000000000000        25.0000000000000      -0.107983182799249     
   6.00000000000000        1.00000000000000      -0.370268407401945     
   6.00000000000000        2.00000000000000      -0.413570268195521     
   6.00000000000000        3.00000000000000      -0.454526760605022     
   6.00000000000000        4.00000000000000      -0.484710513118391     
   6.00000000000000        5.00000000000000      -0.500769610045350     
   6.00000000000000        6.00000000000000      -0.502652897118780     
   6.00000000000000        7.00000000000000      -0.493203467032214     
   6.00000000000000        8.00000000000000      -0.479608384856493     
   6.00000000000000        9.00000000000000      -0.460331602613607     
   6.00000000000000        10.0000000000000      -0.433862812147654     
   6.00000000000000        11.0000000000000      -0.401174376170114     
   6.00000000000000        12.0000000000000      -0.364904500506823     
   6.00000000000000        13.0000000000000      -0.328108139566351     
   6.00000000000000        14.0000000000000      -0.293243432835263     
   6.00000000000000        15.0000000000000      -0.261693534756884     
   6.00000000000000        16.0000000000000      -0.233884343066282     
   6.00000000000000        17.0000000000000      -0.209720645414838     
   6.00000000000000        18.0000000000000      -0.188969402478122     
   6.00000000000000        19.0000000000000      -0.171442953230653     
   6.00000000000000        20.0000000000000      -0.156986554222600     
   6.00000000000000        21.0000000000000      -0.145193624548986     
   6.00000000000000        22.0000000000000      -0.134950350991245     
   6.00000000000000        23.0000000000000      -0.125108168413347     
   6.00000000000000        24.0000000000000      -0.115254574775503     
   6.00000000000000        25.0000000000000      -0.106088810737458     
   7.00000000000000        1.00000000000000      -0.358548698338282     
   7.00000000000000        2.00000000000000      -0.399545095886131     
   7.00000000000000        3.00000000000000      -0.438718134556110     
   7.00000000000000        4.00000000000000      -0.469915770157913     
   7.00000000000000        5.00000000000000      -0.488156516585901     
   7.00000000000000        6.00000000000000      -0.493191740813383     
   7.00000000000000        7.00000000000000      -0.490071582163872     
   7.00000000000000        8.00000000000000      -0.479087952254464     
   7.00000000000000        9.00000000000000      -0.459619665405105     
   7.00000000000000        10.0000000000000      -0.432295835109566     
   7.00000000000000        11.0000000000000      -0.399182408211146     
   7.00000000000000        12.0000000000000      -0.363142236326563     
   7.00000000000000        13.0000000000000      -0.326965003292885     
   7.00000000000000        14.0000000000000      -0.292736201902559     
   7.00000000000000        15.0000000000000      -0.261636727257771     
   7.00000000000000        16.0000000000000      -0.234105483405531     
   7.00000000000000        17.0000000000000      -0.210143487466512     
   7.00000000000000        18.0000000000000      -0.189554177807511     
   7.00000000000000        19.0000000000000      -0.172045506530753     
   7.00000000000000        20.0000000000000      -0.157227413489322     
   7.00000000000000        21.0000000000000      -0.144585248068211     
   7.00000000000000        22.0000000000000      -0.133464600203352     
   7.00000000000000        23.0000000000000      -0.123136309687443     
   7.00000000000000        24.0000000000000      -0.113353203571067     
   7.00000000000000        25.0000000000000      -0.104354102792462     
   8.00000000000000        1.00000000000000      -0.346664811645927     
   8.00000000000000        2.00000000000000      -0.384339087617127     
   8.00000000000000        3.00000000000000      -0.420445339621354     
   8.00000000000000        4.00000000000000      -0.449601552022292     
   8.00000000000000        5.00000000000000      -0.469599846455093     
   8.00000000000000        6.00000000000000      -0.479589330906759     
   8.00000000000000        7.00000000000000      -0.479078435276989     
   8.00000000000000        8.00000000000000      -0.468120096745415     
   8.00000000000000        9.00000000000000      -0.447748554912148     
   8.00000000000000        10.0000000000000      -0.420064989992574     
   8.00000000000000        11.0000000000000      -0.387801057734570     
   8.00000000000000        12.0000000000000      -0.353660691878847     
   8.00000000000000        13.0000000000000      -0.319814125495676     
   8.00000000000000        14.0000000000000      -0.287725178332702     
   8.00000000000000        15.0000000000000      -0.258253154632142     
   8.00000000000000        16.0000000000000      -0.231846453857523     
   8.00000000000000        17.0000000000000      -0.208674029594006     
   8.00000000000000        18.0000000000000      -0.188660896431280     
   8.00000000000000        19.0000000000000      -0.171495822767110     
   8.00000000000000        20.0000000000000      -0.156687784022177     
   8.00000000000000        21.0000000000000      -0.143684456425495     
   8.00000000000000        22.0000000000000      -0.132007882458080     
   8.00000000000000        23.0000000000000      -0.121352638058763     
   8.00000000000000        24.0000000000000      -0.111597321486542     
   8.00000000000000        25.0000000000000      -0.102755096321091     
   9.00000000000000        1.00000000000000      -0.333997138938654     
   9.00000000000000        2.00000000000000      -0.367738927490689     
   9.00000000000000        3.00000000000000      -0.400253516990450     
   9.00000000000000        4.00000000000000      -0.428561112956156     
   9.00000000000000        5.00000000000000      -0.449490005075301     
   9.00000000000000        6.00000000000000      -0.460309761949681     
   9.00000000000000        7.00000000000000      -0.459603943825584     
   9.00000000000000        8.00000000000000      -0.447740763142541     
   9.00000000000000        9.00000000000000      -0.426741216757562     
   9.00000000000000        10.0000000000000      -0.399580901841902     
   9.00000000000000        11.0000000000000      -0.369265256580717     
   9.00000000000000        12.0000000000000      -0.338132522634219     
   9.00000000000000        13.0000000000000      -0.307650443971425     
   9.00000000000000        14.0000000000000      -0.278639783300811     
   9.00000000000000        15.0000000000000      -0.251630004841010     
   9.00000000000000        16.0000000000000      -0.227063316352315     
   9.00000000000000        17.0000000000000      -0.205259363060206     
   9.00000000000000        18.0000000000000      -0.186263923014487     
   9.00000000000000        19.0000000000000      -0.169778777432361     
   9.00000000000000        20.0000000000000      -0.155273937123657     
   9.00000000000000        21.0000000000000      -0.142221088751007     
   9.00000000000000        22.0000000000000      -0.130296056713559     
   9.00000000000000        23.0000000000000      -0.119434242469806     
   9.00000000000000        24.0000000000000      -0.109717404811922     
   9.00000000000000        25.0000000000000      -0.101127752470670     
   10.0000000000000        1.00000000000000      -0.321248324376207     
   10.0000000000000        2.00000000000000      -0.349855603212827     
   10.0000000000000        3.00000000000000      -0.379916049796197     
   10.0000000000000        4.00000000000000      -0.405791435065902     
   10.0000000000000        5.00000000000000      -0.424342761371177     
   10.0000000000000        6.00000000000000      -0.433842010229955     
   10.0000000000000        7.00000000000000      -0.432276939021747     
   10.0000000000000        8.00000000000000      -0.420051484509261     
   10.0000000000000        9.00000000000000      -0.399574103231107     
   10.0000000000000        10.0000000000000      -0.374127624656361     
   10.0000000000000        11.0000000000000      -0.346664020910919     
   10.0000000000000        12.0000000000000      -0.319100788901762     
   10.0000000000000        13.0000000000000      -0.292326872336634     
   10.0000000000000        14.0000000000000      -0.266684982297386     
   10.0000000000000        15.0000000000000      -0.242475136120161     
   10.0000000000000        16.0000000000000      -0.220137260927499     
   10.0000000000000        17.0000000000000      -0.200085051678100     
   10.0000000000000        18.0000000000000      -0.182430550208764     
   10.0000000000000        19.0000000000000      -0.166879096957034     
   10.0000000000000        20.0000000000000      -0.152894552423686     
   10.0000000000000        21.0000000000000      -0.140005040380271     
   10.0000000000000        22.0000000000000      -0.128025955876132     
   10.0000000000000        23.0000000000000      -0.117132084645891     
   10.0000000000000        24.0000000000000      -0.107683589450853     
   10.0000000000000        25.0000000000000      -9.960366727134190E-002
   11.0000000000000        1.00000000000000      -0.308798893516885     
   11.0000000000000        2.00000000000000      -0.328104525821617     
   11.0000000000000        3.00000000000000      -0.353614090135320     
   11.0000000000000        4.00000000000000      -0.377976720871475     
   11.0000000000000        5.00000000000000      -0.393718343889119     
   11.0000000000000        6.00000000000000      -0.401155768707301     
   11.0000000000000        7.00000000000000      -0.399161572718773     
   11.0000000000000        8.00000000000000      -0.387783008143425     
   11.0000000000000        9.00000000000000      -0.369252510108525     
   11.0000000000000        10.0000000000000      -0.346657599178219     
   11.0000000000000        11.0000000000000      -0.322648261456648     
   11.0000000000000        12.0000000000000      -0.298763505548116     
   11.0000000000000        13.0000000000000      -0.275540100425921     
   11.0000000000000        14.0000000000000      -0.253090393423156     
   11.0000000000000        15.0000000000000      -0.231630656110073     
   11.0000000000000        16.0000000000000      -0.211610971686253     
   11.0000000000000        17.0000000000000      -0.193469731894991     
   11.0000000000000        18.0000000000000      -0.177314541942314     
   11.0000000000000        19.0000000000000      -0.162833314127262     
   11.0000000000000        20.0000000000000      -0.149507230520781     
   11.0000000000000        21.0000000000000      -0.136938636506583     
   11.0000000000000        22.0000000000000      -0.125060154298825     
   11.0000000000000        23.0000000000000      -0.114295940848815     
   11.0000000000000        24.0000000000000      -0.105332794101902     
   11.0000000000000        25.0000000000000      -9.806687269296389E-002
   12.0000000000000        1.00000000000000      -0.298964549898861     
   12.0000000000000        2.00000000000000      -0.307527356787814     
   12.0000000000000        3.00000000000000      -0.325369228476799     
   12.0000000000000        4.00000000000000      -0.345812821934962     
   12.0000000000000        5.00000000000000      -0.359427686336112     
   12.0000000000000        6.00000000000000      -0.364885526067808     
   12.0000000000000        7.00000000000000      -0.363118459564584     
   12.0000000000000        8.00000000000000      -0.353638009532326     
   12.0000000000000        9.00000000000000      -0.338114206235182     
   12.0000000000000        10.0000000000000      -0.319088483661782     
   12.0000000000000        11.0000000000000      -0.298757626523248     
   12.0000000000000        12.0000000000000      -0.278362559731372     
   12.0000000000000        13.0000000000000      -0.258307489631044     
   12.0000000000000        14.0000000000000      -0.238692817832186     
   12.0000000000000        15.0000000000000      -0.219767094145919     
   12.0000000000000        16.0000000000000      -0.201988046493835     
   12.0000000000000        17.0000000000000      -0.185753361121218     
   12.0000000000000        18.0000000000000      -0.171111627844834     
   12.0000000000000        19.0000000000000      -0.157728639042633     
   12.0000000000000        20.0000000000000      -0.145135129630882     
   12.0000000000000        21.0000000000000      -0.133028298283272     
   12.0000000000000        22.0000000000000      -0.121443239589495     
   12.0000000000000        23.0000000000000      -0.110909700146231     
   12.0000000000000        24.0000000000000      -0.102551732879966     
   12.0000000000000        25.0000000000000      -9.614732205925883E-002
   13.0000000000000        1.00000000000000      -0.282206191192684     
   13.0000000000000        2.00000000000000      -0.294228168825960     
   13.0000000000000        3.00000000000000      -0.301729209886258     
   13.0000000000000        4.00000000000000      -0.314233081918927     
   13.0000000000000        5.00000000000000      -0.324063498274245     
   13.0000000000000        6.00000000000000      -0.328084153711807     
   13.0000000000000        7.00000000000000      -0.326936300250460     
   13.0000000000000        8.00000000000000      -0.319786293584670     
   13.0000000000000        9.00000000000000      -0.307626929674742     
   13.0000000000000        10.0000000000000      -0.292309552710095     
   13.0000000000000        11.0000000000000      -0.275529457703098     
   13.0000000000000        12.0000000000000      -0.258302868656246     
   13.0000000000000        13.0000000000000      -0.241039819732688     
   13.0000000000000        14.0000000000000      -0.223946426783808     
   13.0000000000000        15.0000000000000      -0.207345630907280     
   13.0000000000000        16.0000000000000      -0.191675751973881     
   13.0000000000000        17.0000000000000      -0.177246776264756     
   13.0000000000000        18.0000000000000      -0.164029969667136     
   13.0000000000000        19.0000000000000      -0.151693421845356     
   13.0000000000000        20.0000000000000      -0.139862921567094     
   13.0000000000000        21.0000000000000      -0.128377201191465     
   13.0000000000000        22.0000000000000      -0.117352575290692     
   13.0000000000000        23.0000000000000      -0.107372251163055     
   13.0000000000000        24.0000000000000      -9.969380282992417E-002
   13.0000000000000        25.0000000000000      -9.352930750500164E-002
   14.0000000000000        1.00000000000000      -0.263561606421573     
   14.0000000000000        2.00000000000000      -0.277510343749821     
   14.0000000000000        3.00000000000000      -0.280059785547033     
   14.0000000000000        4.00000000000000      -0.284916368278005     
   14.0000000000000        5.00000000000000      -0.290310913874802     
   14.0000000000000        6.00000000000000      -0.293211661203316     
   14.0000000000000        7.00000000000000      -0.292701855114849     
   14.0000000000000        8.00000000000000      -0.287692671686332     
   14.0000000000000        9.00000000000000      -0.278612266539601     
   14.0000000000000        10.0000000000000      -0.266664208408860     
   14.0000000000000        11.0000000000000      -0.253076672171324     
   14.0000000000000        12.0000000000000      -0.238685280136929     
   14.0000000000000        13.0000000000000      -0.223943517783203     
   14.0000000000000        14.0000000000000      -0.209170353027623     
   14.0000000000000        15.0000000000000      -0.194735786716609     
   14.0000000000000        16.0000000000000      -0.181020735339598     
   14.0000000000000        17.0000000000000      -0.168231813747014     
   14.0000000000000        18.0000000000000      -0.156284863340640     
   14.0000000000000        19.0000000000000      -0.144896317743005     
   14.0000000000000        20.0000000000000      -0.133827772610159     
   14.0000000000000        21.0000000000000      -0.123084496070268     
   14.0000000000000        22.0000000000000      -0.112888476986523     
   14.0000000000000        23.0000000000000      -0.103812016596260     
   14.0000000000000        24.0000000000000      -9.666634420968510E-002
   14.0000000000000        25.0000000000000      -9.040074927574812E-002
   15.0000000000000        1.00000000000000      -0.238035332014349     
   15.0000000000000        2.00000000000000      -0.250784588847392     
   15.0000000000000        3.00000000000000      -0.254129256946806     
   15.0000000000000        4.00000000000000      -0.256423266848878     
   15.0000000000000        5.00000000000000      -0.259349378955541     
   15.0000000000000        6.00000000000000      -0.261655808908085     
   15.0000000000000        7.00000000000000      -0.261598841212855     
   15.0000000000000        8.00000000000000      -0.258218379293593     
   15.0000000000000        9.00000000000000      -0.251600987628552     
   15.0000000000000        10.0000000000000      -0.242453284038868     
   15.0000000000000        11.0000000000000      -0.231615975397223     
   15.0000000000000        12.0000000000000      -0.219758490024545     
   15.0000000000000        13.0000000000000      -0.207341457812142     
   15.0000000000000        14.0000000000000      -0.194734378500691     
   15.0000000000000        15.0000000000000      -0.182297619193837     
   15.0000000000000        16.0000000000000      -0.170331715743376     
   15.0000000000000        17.0000000000000      -0.158960872603135     
   15.0000000000000        18.0000000000000      -0.148095334073037     
   15.0000000000000        19.0000000000000      -0.137546595245301     
   15.0000000000000        20.0000000000000      -0.127224855932820     
   15.0000000000000        21.0000000000000      -0.117264656825111     
   15.0000000000000        22.0000000000000      -0.107964719820739     
   15.0000000000000        23.0000000000000      -9.972403900373303E-002
   15.0000000000000        24.0000000000000      -9.285993559860016E-002
   15.0000000000000        25.0000000000000      -8.661247617784656E-002
   16.0000000000000        1.00000000000000      -0.207903298019433     
   16.0000000000000        2.00000000000000      -0.220161799384700     
   16.0000000000000        3.00000000000000      -0.225779168137321     
   16.0000000000000        4.00000000000000      -0.228910630654345     
   16.0000000000000        5.00000000000000      -0.231766956980510     
   16.0000000000000        6.00000000000000      -0.233846288708450     
   16.0000000000000        7.00000000000000      -0.234068697051462     
   16.0000000000000        8.00000000000000      -0.231813478492291     
   16.0000000000000        9.00000000000000      -0.227036280209961     
   16.0000000000000        10.0000000000000      -0.220117155913263     
   16.0000000000000        11.0000000000000      -0.211597517886391     
   16.0000000000000        12.0000000000000      -0.201980042291497     
   16.0000000000000        13.0000000000000      -0.191671626384324     
   16.0000000000000        14.0000000000000      -0.181019014396753     
   16.0000000000000        15.0000000000000      -0.170331254368901     
   16.0000000000000        16.0000000000000      -0.159837994836954     
   16.0000000000000        17.0000000000000      -0.149629907919200     
   16.0000000000000        18.0000000000000      -0.139666487694339     
   16.0000000000000        19.0000000000000      -0.129879765617605     
   16.0000000000000        20.0000000000000      -0.120306562457094     
   16.0000000000000        21.0000000000000      -0.111140792268164     
   16.0000000000000        22.0000000000000      -0.102653836803622     
   16.0000000000000        23.0000000000000      -9.504659290444879E-002
   16.0000000000000        24.0000000000000      -8.834250779187793E-002
   16.0000000000000        25.0000000000000      -8.207709639906391E-002
   17.0000000000000        1.00000000000000      -0.180934169841145     
   17.0000000000000        2.00000000000000      -0.192300782268376     
   17.0000000000000        3.00000000000000      -0.199549754752452     
   17.0000000000000        4.00000000000000      -0.204309786514156     
   17.0000000000000        5.00000000000000      -0.207654196505658     
   17.0000000000000        6.00000000000000      -0.209688935608215     
   17.0000000000000        7.00000000000000      -0.210113205088507     
   17.0000000000000        8.00000000000000      -0.208647250339134     
   17.0000000000000        9.00000000000000      -0.205237741882144     
   17.0000000000000        10.0000000000000      -0.200069216034892     
   17.0000000000000        11.0000000000000      -0.193459252977198     
   17.0000000000000        12.0000000000000      -0.185747140429678     
   17.0000000000000        13.0000000000000      -0.177243538432129     
   17.0000000000000        14.0000000000000      -0.168230447486618     
   17.0000000000000        15.0000000000000      -0.158960536591977     
   17.0000000000000        16.0000000000000      -0.149629980114351     
   17.0000000000000        17.0000000000000      -0.140350900990499     
   17.0000000000000        18.0000000000000      -0.131167876990447     
   17.0000000000000        19.0000000000000      -0.122125581658498     
   17.0000000000000        20.0000000000000      -0.113337552358388     
   17.0000000000000        21.0000000000000      -0.104990629386322     
   17.0000000000000        22.0000000000000      -9.726651022682294E-002
   17.0000000000000        23.0000000000000      -9.023141632612244E-002
   17.0000000000000        24.0000000000000      -8.377490976139129E-002
   17.0000000000000        25.0000000000000      -7.764395596713834E-002
   18.0000000000000        1.00000000000000      -0.159393615581918     
   18.0000000000000        2.00000000000000      -0.169797955478350     
   18.0000000000000        3.00000000000000      -0.177723136878684     
   18.0000000000000        4.00000000000000      -0.183304476114141     
   18.0000000000000        5.00000000000000      -0.186917541815812     
   18.0000000000000        6.00000000000000      -0.188949280055875     
   18.0000000000000        7.00000000000000      -0.189534523544936     
   18.0000000000000        8.00000000000000      -0.188643447916832     
   18.0000000000000        9.00000000000000      -0.186249956616461     
   18.0000000000000        10.0000000000000      -0.182420457156110     
   18.0000000000000        11.0000000000000      -0.177307928686204     
   18.0000000000000        12.0000000000000      -0.171107711694655     
   18.0000000000000        13.0000000000000      -0.164027963687020     
   18.0000000000000        14.0000000000000      -0.156284152372422     
   18.0000000000000        15.0000000000000      -0.148095442834166     
   18.0000000000000        16.0000000000000      -0.139666980520484     
   18.0000000000000        17.0000000000000      -0.131168318636869     
   18.0000000000000        18.0000000000000      -0.122731858327536     
   18.0000000000000        19.0000000000000      -0.114476562569259     
   18.0000000000000        20.0000000000000      -0.106530945298652     
   18.0000000000000        21.0000000000000      -9.902246969303399E-002
   18.0000000000000        22.0000000000000      -9.203082727267624E-002
   18.0000000000000        23.0000000000000      -8.554539038225335E-002
   18.0000000000000        24.0000000000000      -7.946952839947334E-002
   18.0000000000000        25.0000000000000      -7.362905678314879E-002
   19.0000000000000        1.00000000000000      -0.143789918248688     
   19.0000000000000        2.00000000000000      -0.152964850239689     
   19.0000000000000        3.00000000000000      -0.160602648769813     
   19.0000000000000        4.00000000000000      -0.166106166092736     
   19.0000000000000        5.00000000000000      -0.169568475858081     
   19.0000000000000        6.00000000000000      -0.171436867414363     
   19.0000000000000        7.00000000000000      -0.172038027040843     
   19.0000000000000        8.00000000000000      -0.171488591294367     
   19.0000000000000        9.00000000000000      -0.169772870844122     
   19.0000000000000        10.0000000000000      -0.166874825314162     
   19.0000000000000        11.0000000000000      -0.162830461322443     
   19.0000000000000        12.0000000000000      -0.157726863292475     
   19.0000000000000        13.0000000000000      -0.151692528023237     
   19.0000000000000        14.0000000000000      -0.144896253249181     
   19.0000000000000        15.0000000000000      -0.137547261968814     
   19.0000000000000        16.0000000000000      -0.129880881651674     
   19.0000000000000        17.0000000000000      -0.122126718182955     
   19.0000000000000        18.0000000000000      -0.114477288339173     
   19.0000000000000        19.0000000000000      -0.107074515732988     
   19.0000000000000        20.0000000000000      -0.100010230564633     
   19.0000000000000        21.0000000000000      -9.332986306746031E-002
   19.0000000000000        22.0000000000000      -8.705973586570924E-002
   19.0000000000000        23.0000000000000      -8.115941623130532E-002
   19.0000000000000        24.0000000000000      -7.552109580930566E-002
   19.0000000000000        25.0000000000000      -7.004961643076794E-002
   20.0000000000000        1.00000000000000      -0.133663764340131     
   20.0000000000000        2.00000000000000      -0.141504366845199     
   20.0000000000000        3.00000000000000      -0.148381842181701     
   20.0000000000000        4.00000000000000      -0.153197448988433     
   20.0000000000000        5.00000000000000      -0.155862531287288     
   20.0000000000000        6.00000000000000      -0.156993461866513     
   20.0000000000000        7.00000000000000      -0.157230877486231     
   20.0000000000000        8.00000000000000      -0.156689400764506     
   20.0000000000000        9.00000000000000      -0.155274795890211     
   20.0000000000000        10.0000000000000      -0.152894979512232     
   20.0000000000000        11.0000000000000      -0.149507191736394     
   20.0000000000000        12.0000000000000      -0.145134694024044     
   20.0000000000000        13.0000000000000      -0.139862516761576     
   20.0000000000000        14.0000000000000      -0.133827991440567     
   20.0000000000000        15.0000000000000      -0.127225985703448     
   20.0000000000000        16.0000000000000      -0.120308380961202     
   20.0000000000000        17.0000000000000      -0.113339535927459     
   20.0000000000000        18.0000000000000      -0.106532571268848     
   20.0000000000000        19.0000000000000      -0.100011139358871     
   20.0000000000000        20.0000000000000      -9.381742988390510E-002
   20.0000000000000        21.0000000000000      -8.798451888504180E-002
   20.0000000000000        22.0000000000000      -8.248052541328528E-002
   20.0000000000000        23.0000000000000      -7.719881304047764E-002
   20.0000000000000        24.0000000000000      -7.202995555592004E-002
   20.0000000000000        25.0000000000000      -6.693585629709228E-002
   21.0000000000000        1.00000000000000      -0.128523047965771     
   21.0000000000000        2.00000000000000      -0.134994493776638     
   21.0000000000000        3.00000000000000      -0.140822782027655     
   21.0000000000000        4.00000000000000      -0.144173740493868     
   21.0000000000000        5.00000000000000      -0.145298112750826     
   21.0000000000000        6.00000000000000      -0.145208859995273     
   21.0000000000000        7.00000000000000      -0.144596189324738     
   21.0000000000000        8.00000000000000      -0.143692069417712     
   21.0000000000000        9.00000000000000      -0.142226449123128     
   21.0000000000000        10.0000000000000      -0.140008412458970     
   21.0000000000000        11.0000000000000      -0.136939901244159     
   21.0000000000000        12.0000000000000      -0.133027626050857     
   21.0000000000000        13.0000000000000      -0.128375764139832     
   21.0000000000000        14.0000000000000      -0.123083957811776     
   21.0000000000000        15.0000000000000      -0.117265882930547     
   21.0000000000000        16.0000000000000      -0.111143333354841     
   21.0000000000000        17.0000000000000      -0.104993591061517     
   21.0000000000000        18.0000000000000      -9.902513605739464E-002
   21.0000000000000        19.0000000000000      -9.333181544450894E-002
   21.0000000000000        20.0000000000000      -8.798559523346643E-002
   21.0000000000000        21.0000000000000      -8.300638476530313E-002
   21.0000000000000        22.0000000000000      -7.830598867100098E-002
   21.0000000000000        23.0000000000000      -7.369782385654752E-002
   21.0000000000000        24.0000000000000      -6.900594753760544E-002
   21.0000000000000        25.0000000000000      -6.425822446057476E-002
   22.0000000000000        1.00000000000000      -0.127061238162804     
   22.0000000000000        2.00000000000000      -0.132454860036681     
   22.0000000000000        3.00000000000000      -0.136830284369529     
   22.0000000000000        4.00000000000000      -0.137617332719476     
   22.0000000000000        5.00000000000000      -0.136503644260882     
   22.0000000000000        6.00000000000000      -0.134969055731833     
   22.0000000000000        7.00000000000000      -0.133478531851949     
   22.0000000000000        8.00000000000000      -0.132018229112939     
   22.0000000000000        9.00000000000000      -0.130303593463149     
   22.0000000000000        10.0000000000000      -0.128030582793737     
   22.0000000000000        11.0000000000000      -0.125061200440626     
   22.0000000000000        12.0000000000000      -0.121440831146457     
   22.0000000000000        13.0000000000000      -0.117348776123814     
   22.0000000000000        14.0000000000000      -0.112886372612655     
   22.0000000000000        15.0000000000000      -0.107965785458827     
   22.0000000000000        16.0000000000000      -0.102657282034943     
   22.0000000000000        17.0000000000000      -9.727070358987651E-002
   22.0000000000000        18.0000000000000      -9.203474105553527E-002
   22.0000000000000        19.0000000000000      -8.706295946816242E-002
   22.0000000000000        20.0000000000000      -8.248301025041935E-002
   22.0000000000000        21.0000000000000      -7.830758904162753E-002
   22.0000000000000        22.0000000000000      -7.443676514763777E-002
   22.0000000000000        23.0000000000000      -7.058473201338808E-002
   22.0000000000000        24.0000000000000      -6.637648382836353E-002
   22.0000000000000        25.0000000000000      -6.188542405587855E-002
   23.0000000000000        1.00000000000000      -0.125831672791815     
   23.0000000000000        2.00000000000000      -0.131117189271900     
   23.0000000000000        3.00000000000000      -0.133166386678976     
   23.0000000000000        4.00000000000000      -0.130650484248497     
   23.0000000000000        5.00000000000000      -0.127581386174831     
   23.0000000000000        6.00000000000000      -0.125125810406821     
   23.0000000000000        7.00000000000000      -0.123149653739821     
   23.0000000000000        8.00000000000000      -0.121363018079924     
   23.0000000000000        9.00000000000000      -0.119442265649506     
   23.0000000000000        10.0000000000000      -0.117137239665918     
   23.0000000000000        11.0000000000000      -0.114297290963710     
   23.0000000000000        12.0000000000000      -0.110906928960124     
   23.0000000000000        13.0000000000000      -0.107367848206344     
   23.0000000000000        14.0000000000000      -0.103810466662798     
   23.0000000000000        15.0000000000000      -9.972683180866376E-002
   23.0000000000000        16.0000000000000      -9.505195929402790E-002
   23.0000000000000        17.0000000000000      -9.023732359512764E-002
   23.0000000000000        18.0000000000000      -8.555082725683474E-002
   23.0000000000000        19.0000000000000      -8.116416298077032E-002
   23.0000000000000        20.0000000000000      -7.720305303862837E-002
   23.0000000000000        21.0000000000000      -7.370169183259943E-002
   23.0000000000000        22.0000000000000      -7.058765627964050E-002
   23.0000000000000        23.0000000000000      -6.753849901829316E-002
   23.0000000000000        24.0000000000000      -6.387325387415750E-002
   23.0000000000000        25.0000000000000      -5.952564496376098E-002
   24.0000000000000        1.00000000000000      -0.118939258519792     
   24.0000000000000        2.00000000000000      -0.125329514654749     
   24.0000000000000        3.00000000000000      -0.124167303324151     
   24.0000000000000        4.00000000000000      -0.120457545149058     
   24.0000000000000        5.00000000000000      -0.117537385268768     
   24.0000000000000        6.00000000000000      -0.115267143824455     
   24.0000000000000        7.00000000000000      -0.113363448864216     
   24.0000000000000        8.00000000000000      -0.111606106244479     
   24.0000000000000        9.00000000000000      -0.109725022600276     
   24.0000000000000        10.0000000000000      -0.107689678238041     
   24.0000000000000        11.0000000000000      -0.105336951251686     
   24.0000000000000        12.0000000000000      -0.102554017350492     
   24.0000000000000        13.0000000000000      -9.969561474997063E-002
   24.0000000000000        14.0000000000000      -9.667100459975012E-002
   24.0000000000000        15.0000000000000      -9.286769361030209E-002
   24.0000000000000        16.0000000000000      -8.835120219118590E-002
   24.0000000000000        17.0000000000000      -8.378296831312271E-002
   24.0000000000000        18.0000000000000      -7.947657454998465E-002
   24.0000000000000        19.0000000000000      -7.552733928901817E-002
   24.0000000000000        20.0000000000000      -7.203585727284488E-002
   24.0000000000000        21.0000000000000      -6.901202604345988E-002
   24.0000000000000        22.0000000000000      -6.638282085950481E-002
   24.0000000000000        23.0000000000000      -6.387831588971965E-002
   24.0000000000000        24.0000000000000      -6.072020916132536E-002
   24.0000000000000        25.0000000000000      -5.650868958232373E-002
   25.0000000000000        1.00000000000000      -0.110169676260648     
   25.0000000000000        2.00000000000000      -0.113367762944295     
   25.0000000000000        3.00000000000000      -0.112073978149086     
   25.0000000000000        4.00000000000000      -0.109974219823562     
   25.0000000000000        5.00000000000000      -0.107987470591484     
   25.0000000000000        6.00000000000000      -0.106093782919306     
   25.0000000000000        7.00000000000000      -0.104359896598584     
   25.0000000000000        8.00000000000000      -0.102761456916698     
   25.0000000000000        9.00000000000000      -0.101134368768886     
   25.0000000000000        10.0000000000000      -9.961045288392258E-002
   25.0000000000000        11.0000000000000      -9.807426740973466E-002
   25.0000000000000        12.0000000000000      -9.615623384520894E-002
   25.0000000000000        13.0000000000000      -9.353821575565474E-002
   25.0000000000000        14.0000000000000      -9.041282954246875E-002
   25.0000000000000        15.0000000000000      -8.662524685971759E-002
   25.0000000000000        16.0000000000000      -8.208864055578115E-002
   25.0000000000000        17.0000000000000      -7.765367853612581E-002
   25.0000000000000        18.0000000000000      -7.363728741386950E-002
   25.0000000000000        19.0000000000000      -7.005684084261060E-002
   25.0000000000000        20.0000000000000      -6.694256351106358E-002
   25.0000000000000        21.0000000000000      -6.426493924457183E-002
   25.0000000000000        22.0000000000000      -6.189243910871011E-002
   25.0000000000000        23.0000000000000      -5.953228305807391E-002
   25.0000000000000        24.0000000000000      -5.651238603951077E-002
   25.0000000000000        25.0000000000000      -5.262465021906666E-002
